0 0.0000000000
1 0.0000000000
2 0.0000000000
3 -0.0503968254
4 0.1435374150
5 0.0124320124
6 0.0021943574
7.659220 0.0844399732
9.169751 -0.0109542999
10.978185 0.0242913001
13.143274 -0.0178971589
15.735356 0.0125212585
18.838641 0.0550529101
22.553948 0.0011010728
27.001979 0.0626581197
32.327238 -0.0197201872
38.702730 0.1014000918
46.335581 0.0068621758
55.473762 -0.0200775613
66.414151 -0.0183955579
79.512175 0.1021515522
95.193356 0.1059794273
113.967139 0.0954424689
136.443437 -0.0459437197
163.352452 0.0153815989
195.568392 0.0337965133
234.137874 -0.0859997549
280.313929 0.1674109374
335.596703 0.0414352066
401.782199 -0.0695479794
481.020625 -0.2575346800
575.886245 -0.2167255943
689.461011 0.0456410256
825.434694 0.0005990365
988.224747 -0.2340952381
1183.119826 -0.0287037037
1416.451599 -0.0477667845
1695.800448 -0.3818783069
2030.241741 0.0328638498
2430.640663 -0.1287018862
2910.005206 -0.2015873016
3483.908759 -0.6185020941
4170.996058 0.4230769231
4993.588902 0.0000000000
5978.411338 0.0000000000
7157.457857 0.0000000000
8569.032823 0.0000000000
10258.994880 0.0000000000
12282.246799 0.0000000000
14704.519126 0.0000000000
17604.505614 -0.3052596315
21076.419790 -0.4687407407
25233.055725 0.0000000000
30209.452439 0.0000000000
36167.280990 0.0271743043
43300.096778 -0.4672854976
51839.627688 0.0000000000
62063.302366 0.0000000000
74303.263205 -0.0014430014
88957.156846 0.0000000000
106501.052750 0.0000000000
127504.909543 0.0000000000
152651.091588 0.0000000000
182756.537348 0.0000000000
218799.299737 0.0000000000
