0.000000000000000 0.000000000000000
1.000000000000000 0.000000000000000
2.000000000000000 0.005010020040080
3.000000000000000 0.012024048096192
4.000000000000000 0.007014028056112
5.000000000000000 0.013026052104208
6.000000000000000 0.029058116232465
7.338593335238490 0.048390644526058
9.000000000000000 0.032064128256513
10.947894783454402 0.026498009941567
13.371788884558542 0.010473320651151
16.332339825135303 0.018987122915876
19.948364909629447 0.012285834366795
24.364987921406954 0.009442946111686
29.759463449745677 0.008739651735377
36.348290738886135 0.009219485583563
44.395902562883286 0.005633042070763
54.225277841315801 0.003781794716907
66.230903917384666 0.003700422199791
80.894608720134826 0.002535012808734
98.804898211060404 0.002126114725127
120.680575194724000 0.000828912147635
147.399587399191688 0.001085849386990
180.034262601043736 0.000527854607514
219.894344904247134 0.000614137453094
268.579559369871163 0.000372454236641
328.043814599803682 0.000289692750770
400.673619949583667 0.000124831770526
489.383864528441109 0.000122644331389
597.734801934120924 0.000083677238165
730.074935730658126 0.000075360041041
891.715540165034554 0.000022436212056
1089.143820251858870 0.000022961520991
1330.283266088724758 0.000045118328094
1624.811650335087734 0.000009234940685
1984.549431210053399 0.000010081239922
2423.934148985155844 0.000014444187018
2960.599855169093189 0.000006757657208
3616.084828912129979 0.000002766350888
4416.695983774421620 0.000002264896546
5394.564656537023438 0.000000927170227
6588.936150567688856 0.000001518205557
8047.744787644627650 0.000000621500789
9829.537680598279621 0.000001017683619
12005.824434522055526 0.000000416604438
14663.947078312001395 0.000000341086865
17910.585406965041329 0.000001117033224
21876.038416330393375 0.000000000000000
26719.453659323775355 0.000000000000000
32635.214396030900389 0.000000306520415
39860.740876460615254 0.000000125478845
48686.018848816827813 0.000000102733390
59465.237705782885314 0.000000084110985
72631.005348493345082 0.000000206592751
88711.710260595820728 0.000000000000000
108352.727593397576129 0.000000000000000
132342.320336753356969 0.000000000000000
161643.275080627267016 0.000000000000000
197431.542021521221614 0.000000000000000
241143.429972901503788 0.000000020741514
