1.000000 1.000000 0.6786975685
1.000000 2.000000 1.1755392159
1.000000 3.000000 1.4649264492
1.000000 4.000000 1.7177415649
1.000000 5.000000 0.7330593331
1.000000 6.565046 1.1950938580
1.000000 7.859787 0.1805333607
1.000000 9.409873 0.6040026335
1.000000 11.265663 0.9751141837
1.000000 13.487448 1.2784711682
1.000000 16.147407 1.2538047474
1.000000 19.331956 0.0000000000
1.000000 23.144553 0.4938750047
1.000000 27.709061 0.3072777427
1.000000 33.173769 0.2924768402
1.000000 39.716212 0.0000000000
1.000000 47.548939 0.0000000000
1.000000 56.926415 0.0000000000
1.000000 68.153292 0.0000000000
1.000000 81.594305 0.0000000000
1.000000 97.686119 0.0000000000
1.000000 116.951518 0.0000000000
1.000000 140.016387 0.0000000000
1.000000 167.630050 0.0000000000
1.000000 200.689607 0.0000000000
1.000000 240.269082 0.0000000000
1.000000 287.654316 0.0000000000
1.000000 344.384742 0.0000000000
1.000000 412.303393 0.0000000000
1.000000 493.616781 0.0000000000
1.000000 590.966581 0.0000000000
1.000000 707.515452 0.0000000000
1.000000 847.049784 0.0000000000
1.000000 1014.102708 0.0000000000
1.000000 1214.101370 0.0000000000
1.000000 1453.543241 0.0000000000
1.000000 1740.207206 0.0000000000
1.000000 2083.406283 0.0000000000
1.000000 2494.290176 0.0000000000
1.000000 2986.207508 0.0000000000
1.000000 3575.139478 0.0000000000
1.000000 4280.219059 0.0000000000
1.000000 5124.352575 0.0000000000
1.000000 6134.963878 0.0000000000
1.000000 7344.885277 0.0000000000
1.000000 8793.424183 0.0000000000

2.000000 1.000000 1.1912130721
2.000000 2.000000 2.7259218850
2.000000 3.000000 1.7485459523
2.000000 4.000000 1.5943408112
2.000000 5.000000 2.5982432223
2.000000 6.565046 2.1813591487
2.000000 7.859787 1.5689428004
2.000000 9.409873 1.6115415933
2.000000 11.265663 0.7511604860
2.000000 13.487448 0.6321988784
2.000000 16.147407 0.7642697761
2.000000 19.331956 0.6115616260
2.000000 23.144553 0.7338897561
2.000000 27.709061 7.0051909217
2.000000 33.173769 0.0000000000
2.000000 39.716212 0.0000000000
2.000000 47.548939 0.0000000000
2.000000 56.926415 0.0000000000
2.000000 68.153292 0.0000000000
2.000000 81.594305 0.0000000000
2.000000 97.686119 0.0000000000
2.000000 116.951518 0.0000000000
2.000000 140.016387 0.0000000000
2.000000 167.630050 0.0000000000
2.000000 200.689607 0.0000000000
2.000000 240.269082 0.0000000000
2.000000 287.654316 0.0000000000
2.000000 344.384742 0.0000000000
2.000000 412.303393 0.0000000000
2.000000 493.616781 0.0000000000
2.000000 590.966581 0.0000000000
2.000000 707.515452 0.0000000000
2.000000 847.049784 0.0000000000
2.000000 1014.102708 0.0000000000
2.000000 1214.101370 0.0000000000
2.000000 1453.543241 0.0000000000
2.000000 1740.207206 0.0000000000
2.000000 2083.406283 0.0000000000
2.000000 2494.290176 0.0000000000
2.000000 2986.207508 0.0000000000
2.000000 3575.139478 0.0000000000
2.000000 4280.219059 0.0000000000
2.000000 5124.352575 0.0000000000
2.000000 6134.963878 0.0000000000
2.000000 7344.885277 0.0000000000
2.000000 8793.424183 0.0000000000

3.000000 1.000000 1.0580024356
3.000000 2.000000 2.0982551427
3.000000 3.000000 4.9367826070
3.000000 4.000000 3.7997332231
3.000000 5.000000 2.4794132098
3.000000 6.565046 2.8904802907
3.000000 7.859787 1.4341387943
3.000000 9.409873 0.9793704710
3.000000 11.265663 0.0000000000
3.000000 13.487448 2.3221200011
3.000000 16.147407 2.3945013824
3.000000 19.331956 0.0000000000
3.000000 23.144553 0.0000000000
3.000000 27.709061 0.0000000000
3.000000 33.173769 0.0000000000
3.000000 39.716212 0.0000000000
3.000000 47.548939 0.0000000000
3.000000 56.926415 0.0000000000
3.000000 68.153292 0.0000000000
3.000000 81.594305 0.0000000000
3.000000 97.686119 0.0000000000
3.000000 116.951518 0.0000000000
3.000000 140.016387 0.0000000000
3.000000 167.630050 0.0000000000
3.000000 200.689607 0.0000000000
3.000000 240.269082 0.0000000000
3.000000 287.654316 0.0000000000
3.000000 344.384742 0.0000000000
3.000000 412.303393 0.0000000000
3.000000 493.616781 0.0000000000
3.000000 590.966581 0.0000000000
3.000000 707.515452 0.0000000000
3.000000 847.049784 0.0000000000
3.000000 1014.102708 0.0000000000
3.000000 1214.101370 0.0000000000
3.000000 1453.543241 0.0000000000
3.000000 1740.207206 0.0000000000
3.000000 2083.406283 0.0000000000
3.000000 2494.290176 0.0000000000
3.000000 2986.207508 0.0000000000
3.000000 3575.139478 0.0000000000
3.000000 4280.219059 0.0000000000
3.000000 5124.352575 0.0000000000
3.000000 6134.963878 0.0000000000
3.000000 7344.885277 0.0000000000
3.000000 8793.424183 0.0000000000

4.000000 1.000000 0.9815666085
4.000000 2.000000 2.5053927034
4.000000 3.000000 1.6284570956
4.000000 4.000000 1.1735204838
4.000000 5.000000 2.0328660505
4.000000 6.565046 1.7470802982
4.000000 7.859787 3.5187806032
4.000000 9.409873 1.1419663249
4.000000 11.265663 0.0000000000
4.000000 13.487448 1.8598187185
4.000000 16.147407 2.5456952418
4.000000 19.331956 2.1177178172
4.000000 23.144553 21.5672446546
4.000000 27.709061 0.0000000000
4.000000 33.173769 0.0000000000
4.000000 39.716212 0.0000000000
4.000000 47.548939 0.0000000000
4.000000 56.926415 0.0000000000
4.000000 68.153292 0.0000000000
4.000000 81.594305 0.0000000000
4.000000 97.686119 0.0000000000
4.000000 116.951518 0.0000000000
4.000000 140.016387 0.0000000000
4.000000 167.630050 0.0000000000
4.000000 200.689607 0.0000000000
4.000000 240.269082 0.0000000000
4.000000 287.654316 0.0000000000
4.000000 344.384742 0.0000000000
4.000000 412.303393 0.0000000000
4.000000 493.616781 0.0000000000
4.000000 590.966581 0.0000000000
4.000000 707.515452 0.0000000000
4.000000 847.049784 0.0000000000
4.000000 1014.102708 0.0000000000
4.000000 1214.101370 0.0000000000
4.000000 1453.543241 0.0000000000
4.000000 1740.207206 0.0000000000
4.000000 2083.406283 0.0000000000
4.000000 2494.290176 0.0000000000
4.000000 2986.207508 0.0000000000
4.000000 3575.139478 0.0000000000
4.000000 4280.219059 0.0000000000
4.000000 5124.352575 0.0000000000
4.000000 6134.963878 0.0000000000
4.000000 7344.885277 0.0000000000
4.000000 8793.424183 0.0000000000

5.000000 1.000000 1.2828538329
5.000000 2.000000 2.2270656191
5.000000 3.000000 2.4794132098
5.000000 4.000000 2.0328660505
5.000000 5.000000 4.1100779072
5.000000 6.565046 0.0000000000
5.000000 7.859787 2.2351860021
5.000000 9.409873 0.0000000000
5.000000 11.265663 2.7543447662
5.000000 13.487448 3.6168718260
5.000000 16.147407 0.0000000000
5.000000 19.331956 3.0922778775
5.000000 23.144553 0.0000000000
5.000000 27.709061 0.0000000000
5.000000 33.173769 0.0000000000
5.000000 39.716212 0.0000000000
5.000000 47.548939 0.0000000000
5.000000 56.926415 0.0000000000
5.000000 68.153292 0.0000000000
5.000000 81.594305 0.0000000000
5.000000 97.686119 0.0000000000
5.000000 116.951518 0.0000000000
5.000000 140.016387 0.0000000000
5.000000 167.630050 0.0000000000
5.000000 200.689607 0.0000000000
5.000000 240.269082 0.0000000000
5.000000 287.654316 0.0000000000
5.000000 344.384742 0.0000000000
5.000000 412.303393 0.0000000000
5.000000 493.616781 0.0000000000
5.000000 590.966581 0.0000000000
5.000000 707.515452 0.0000000000
5.000000 847.049784 0.0000000000
5.000000 1014.102708 0.0000000000
5.000000 1214.101370 0.0000000000
5.000000 1453.543241 0.0000000000
5.000000 1740.207206 0.0000000000
5.000000 2083.406283 0.0000000000
5.000000 2494.290176 0.0000000000
5.000000 2986.207508 0.0000000000
5.000000 3575.139478 0.0000000000
5.000000 4280.219059 0.0000000000
5.000000 5124.352575 0.0000000000
5.000000 6134.963878 0.0000000000
5.000000 7344.885277 0.0000000000
5.000000 8793.424183 0.0000000000

6.565046 1.000000 0.3621150663
6.565046 2.000000 0.9663807426
6.565046 3.000000 2.9926501283
6.565046 4.000000 2.6562635874
6.565046 5.000000 1.7819590800
6.565046 6.565046 0.2909458372
6.565046 7.859787 2.2080735750
6.565046 9.409873 1.4570156171
6.565046 11.265663 6.3722072124
6.565046 13.487448 0.0000000000
6.565046 16.147407 1.2821960294
6.565046 19.331956 5.6297245705
6.565046 23.144553 0.0000000000
6.565046 27.709061 0.0000000000
6.565046 33.173769 0.0000000000
6.565046 39.716212 0.0000000000
6.565046 47.548939 0.0000000000
6.565046 56.926415 0.0000000000
6.565046 68.153292 0.0000000000
6.565046 81.594305 0.5886186851
6.565046 97.686119 0.0000000000
6.565046 116.951518 0.0000000000
6.565046 140.016387 0.0000000000
6.565046 167.630050 0.0000000000
6.565046 200.689607 0.0000000000
6.565046 240.269082 0.0000000000
6.565046 287.654316 0.0000000000
6.565046 344.384742 0.0000000000
6.565046 412.303393 0.0000000000
6.565046 493.616781 0.0000000000
6.565046 590.966581 0.0000000000
6.565046 707.515452 0.0000000000
6.565046 847.049784 0.0000000000
6.565046 1014.102708 0.0000000000
6.565046 1214.101370 0.0000000000
6.565046 1453.543241 0.0000000000
6.565046 1740.207206 0.0000000000
6.565046 2083.406283 0.0000000000
6.565046 2494.290176 0.0000000000
6.565046 2986.207508 0.0000000000
6.565046 3575.139478 0.0000000000
6.565046 4280.219059 0.0000000000
6.565046 5124.352575 0.0000000000
6.565046 6134.963878 0.0000000000
6.565046 7344.885277 0.0000000000
6.565046 8793.424183 0.0000000000

7.859787 1.000000 0.7221334428
7.859787 2.000000 0.5229809335
7.859787 3.000000 2.8682775887
7.859787 4.000000 1.1729268677
7.859787 5.000000 2.2351860021
7.859787 6.565046 1.1657289117
7.859787 7.859787 0.0000000000
7.859787 9.409873 0.0000000000
7.859787 11.265663 4.4835210726
7.859787 13.487448 0.0000000000
7.859787 16.147407 0.0000000000
7.859787 19.331956 0.0000000000
7.859787 23.144553 0.0000000000
7.859787 27.709061 0.0000000000
7.859787 33.173769 0.0000000000
7.859787 39.716212 0.0000000000
7.859787 47.548939 0.0000000000
7.859787 56.926415 4.2029917904
7.859787 68.153292 0.0000000000
7.859787 81.594305 0.0000000000
7.859787 97.686119 0.0000000000
7.859787 116.951518 0.0000000000
7.859787 140.016387 0.0000000000
7.859787 167.630050 0.0000000000
7.859787 200.689607 0.0000000000
7.859787 240.269082 0.0000000000
7.859787 287.654316 0.0000000000
7.859787 344.384742 0.0000000000
7.859787 412.303393 0.0000000000
7.859787 493.616781 0.0000000000
7.859787 590.966581 0.0000000000
7.859787 707.515452 0.0000000000
7.859787 847.049784 0.0000000000
7.859787 1014.102708 0.0000000000
7.859787 1214.101370 0.0000000000
7.859787 1453.543241 0.0000000000
7.859787 1740.207206 0.0000000000
7.859787 2083.406283 0.0000000000
7.859787 2494.290176 0.0000000000
7.859787 2986.207508 0.0000000000
7.859787 3575.139478 0.0000000000
7.859787 4280.219059 0.0000000000
7.859787 5124.352575 0.0000000000
7.859787 6134.963878 0.0000000000
7.859787 7344.885277 0.0000000000
7.859787 8793.424183 0.0000000000

9.409873 1.000000 0.8644873964
9.409873 2.000000 0.8057707967
9.409873 3.000000 2.9381114130
9.409873 4.000000 3.0079420529
9.409873 5.000000 3.1203987393
9.409873 6.565046 0.0000000000
9.409873 7.859787 2.1788952635
9.409873 9.409873 2.2094254026
9.409873 11.265663 5.5085696582
9.409873 13.487448 7.8134333483
9.409873 16.147407 0.0000000000
9.409873 19.331956 0.0000000000
9.409873 23.144553 4.4342863070
9.409873 27.709061 0.0000000000
9.409873 33.173769 0.0000000000
9.409873 39.716212 0.0000000000
9.409873 47.548939 0.0000000000
9.409873 56.926415 0.0000000000
9.409873 68.153292 0.0000000000
9.409873 81.594305 0.0000000000
9.409873 97.686119 0.0000000000
9.409873 116.951518 0.0000000000
9.409873 140.016387 0.0000000000
9.409873 167.630050 0.0000000000
9.409873 200.689607 0.0000000000
9.409873 240.269082 0.0000000000
9.409873 287.654316 0.0000000000
9.409873 344.384742 0.0000000000
9.409873 412.303393 0.0000000000
9.409873 493.616781 0.0000000000
9.409873 590.966581 0.0000000000
9.409873 707.515452 0.0000000000
9.409873 847.049784 0.0000000000
9.409873 1014.102708 0.0000000000
9.409873 1214.101370 0.0000000000
9.409873 1453.543241 0.0000000000
9.409873 1740.207206 0.0000000000
9.409873 2083.406283 0.0000000000
9.409873 2494.290176 0.0000000000
9.409873 2986.207508 0.0000000000
9.409873 3575.139478 0.0000000000
9.409873 4280.219059 0.0000000000
9.409873 5124.352575 0.0000000000
9.409873 6134.963878 0.0000000000
9.409873 7344.885277 0.0000000000
9.409873 8793.424183 0.0000000000

11.265663 1.000000 0.4780265305
11.265663 2.000000 2.4041429073
11.265663 3.000000 0.0000000000
11.265663 4.000000 0.0000000000
11.265663 5.000000 2.7400946469
11.265663 6.565046 0.0000000000
11.265663 7.859787 0.0000000000
11.265663 9.409873 2.6688676465
11.265663 11.265663 5.8800056319
11.265663 13.487448 0.0000000000
11.265663 16.147407 0.0000000000
11.265663 19.331956 9.3982678694
11.265663 23.144553 0.0000000000
11.265663 27.709061 5.9007222957
11.265663 33.173769 0.0000000000
11.265663 39.716212 0.0000000000
11.265663 47.548939 0.2222222222
11.265663 56.926415 0.0000000000
11.265663 68.153292 0.0000000000
11.265663 81.594305 0.0000000000
11.265663 97.686119 0.0000000000
11.265663 116.951518 0.0000000000
11.265663 140.016387 0.0000000000
11.265663 167.630050 0.0000000000
11.265663 200.689607 0.0000000000
11.265663 240.269082 0.0000000000
11.265663 287.654316 0.0000000000
11.265663 344.384742 0.0000000000
11.265663 412.303393 0.0000000000
11.265663 493.616781 0.0000000000
11.265663 590.966581 0.0000000000
11.265663 707.515452 0.0000000000
11.265663 847.049784 0.0000000000
11.265663 1014.102708 0.0000000000
11.265663 1214.101370 0.0000000000
11.265663 1453.543241 0.0000000000
11.265663 1740.207206 0.0000000000
11.265663 2083.406283 0.0000000000
11.265663 2494.290176 0.0000000000
11.265663 2986.207508 0.0000000000
11.265663 3575.139478 0.0000000000
11.265663 4280.219059 0.0000000000
11.265663 5124.352575 0.0000000000
11.265663 6134.963878 0.0000000000
11.265663 7344.885277 0.0000000000
11.265663 8793.424183 0.0000000000

13.487448 1.000000 0.6890061081
13.487448 2.000000 0.0000000000
13.487448 3.000000 0.0000000000
13.487448 4.000000 0.0000000000
13.487448 5.000000 2.8287208921
13.487448 6.565046 2.5964422846
13.487448 7.859787 0.0000000000
13.487448 9.409873 0.0000000000
13.487448 11.265663 0.0000000000
13.487448 13.487448 0.0000000000
13.487448 16.147407 4.4421224173
13.487448 19.331956 4.0800317207
13.487448 23.144553 0.0000000000
13.487448 27.709061 0.0000000000
13.487448 33.173769 0.0000000000
13.487448 39.716212 0.0000000000
13.487448 47.548939 0.0000000000
13.487448 56.926415 0.0000000000
13.487448 68.153292 0.0000000000
13.487448 81.594305 0.0000000000
13.487448 97.686119 0.0000000000
13.487448 116.951518 0.0000000000
13.487448 140.016387 0.0000000000
13.487448 167.630050 0.0000000000
13.487448 200.689607 0.0000000000
13.487448 240.269082 0.0000000000
13.487448 287.654316 0.0000000000
13.487448 344.384742 0.0000000000
13.487448 412.303393 0.0000000000
13.487448 493.616781 0.0000000000
13.487448 590.966581 0.0000000000
13.487448 707.515452 0.0000000000
13.487448 847.049784 0.0000000000
13.487448 1014.102708 0.0000000000
13.487448 1214.101370 0.0000000000
13.487448 1453.543241 0.0000000000
13.487448 1740.207206 0.0000000000
13.487448 2083.406283 0.0000000000
13.487448 2494.290176 0.0000000000
13.487448 2986.207508 0.0000000000
13.487448 3575.139478 0.0000000000
13.487448 4280.219059 0.0000000000
13.487448 5124.352575 0.0000000000
13.487448 6134.963878 0.0000000000
13.487448 7344.885277 0.0000000000
13.487448 8793.424183 0.0000000000

16.147407 1.000000 1.2538047474
16.147407 2.000000 0.0000000000
16.147407 3.000000 3.9002615552
16.147407 4.000000 0.0000000000
16.147407 5.000000 4.9242681704
16.147407 6.565046 0.9083213365
16.147407 7.859787 0.0000000000
16.147407 9.409873 17.1240452208
16.147407 11.265663 6.4082237801
16.147407 13.487448 0.0000000000
16.147407 16.147407 0.0000000000
16.147407 19.331956 17.4005614748
16.147407 23.144553 0.0000000000
16.147407 27.709061 4.4936648551
16.147407 33.173769 0.0000000000
16.147407 39.716212 0.0000000000
16.147407 47.548939 0.0000000000
16.147407 56.926415 0.0000000000
16.147407 68.153292 0.0000000000
16.147407 81.594305 0.0000000000
16.147407 97.686119 0.0000000000
16.147407 116.951518 0.0000000000
16.147407 140.016387 0.0000000000
16.147407 167.630050 0.0000000000
16.147407 200.689607 0.0000000000
16.147407 240.269082 0.0000000000
16.147407 287.654316 0.0000000000
16.147407 344.384742 0.0000000000
16.147407 412.303393 0.0000000000
16.147407 493.616781 0.0000000000
16.147407 590.966581 0.0000000000
16.147407 707.515452 0.0000000000
16.147407 847.049784 0.0000000000
16.147407 1014.102708 0.0000000000
16.147407 1214.101370 0.0000000000
16.147407 1453.543241 0.0000000000
16.147407 1740.207206 0.0000000000
16.147407 2083.406283 0.0000000000
16.147407 2494.290176 0.0000000000
16.147407 2986.207508 0.0000000000
16.147407 3575.139478 0.0000000000
16.147407 4280.219059 0.0000000000
16.147407 5124.352575 0.0000000000
16.147407 6134.963878 0.0000000000
16.147407 7344.885277 0.0000000000
16.147407 8793.424183 0.0000000000

19.331956 1.000000 0.3896625222
19.331956 2.000000 0.0000000000
19.331956 3.000000 3.9420842056
19.331956 4.000000 1.1143665324
19.331956 5.000000 0.0000000000
19.331956 6.565046 1.3165334767
19.331956 7.859787 2.8783176026
19.331956 9.409873 83.7577062940
19.331956 11.265663 0.0000000000
19.331956 13.487448 0.0000000000
19.331956 16.147407 0.0000000000
19.331956 19.331956 6.6707012173
19.331956 23.144553 0.3693367769
19.331956 27.709061 0.0000000000
19.331956 33.173769 2.6643520847
19.331956 39.716212 0.0000000000
19.331956 47.548939 0.0000000000
19.331956 56.926415 0.0000000000
19.331956 68.153292 0.0000000000
19.331956 81.594305 0.0000000000
19.331956 97.686119 0.0000000000
19.331956 116.951518 0.0000000000
19.331956 140.016387 0.0000000000
19.331956 167.630050 0.0000000000
19.331956 200.689607 0.0000000000
19.331956 240.269082 0.0000000000
19.331956 287.654316 0.0000000000
19.331956 344.384742 0.0000000000
19.331956 412.303393 0.0000000000
19.331956 493.616781 0.0000000000
19.331956 590.966581 0.0000000000
19.331956 707.515452 0.0000000000
19.331956 847.049784 0.0000000000
19.331956 1014.102708 0.0000000000
19.331956 1214.101370 0.0000000000
19.331956 1453.543241 0.0000000000
19.331956 1740.207206 0.0000000000
19.331956 2083.406283 0.0000000000
19.331956 2494.290176 0.0000000000
19.331956 2986.207508 0.0000000000
19.331956 3575.139478 0.0000000000
19.331956 4280.219059 0.0000000000
19.331956 5124.352575 0.0000000000
19.331956 6134.963878 0.0000000000
19.331956 7344.885277 0.0000000000
19.331956 8793.424183 0.0000000000

23.144553 1.000000 0.0000000000
23.144553 2.000000 0.0000000000
23.144553 3.000000 0.0000000000
23.144553 4.000000 0.0000000000
23.144553 5.000000 3.2236715359
23.144553 6.565046 4.6210170881
23.144553 7.859787 0.0000000000
23.144553 9.409873 0.0000000000
23.144553 11.265663 0.0000000000
23.144553 13.487448 258.2482841611
23.144553 16.147407 0.0000000000
23.144553 19.331956 5.6731032945
23.144553 23.144553 0.0000000000
23.144553 27.709061 2.4288288078
23.144553 33.173769 0.0000000000
23.144553 39.716212 0.0000000000
23.144553 47.548939 0.0000000000
23.144553 56.926415 0.0000000000
23.144553 68.153292 9.1381827526
23.144553 81.594305 0.0000000000
23.144553 97.686119 0.0000000000
23.144553 116.951518 0.0000000000
23.144553 140.016387 0.0000000000
23.144553 167.630050 0.0000000000
23.144553 200.689607 0.0000000000
23.144553 240.269082 0.0000000000
23.144553 287.654316 0.0000000000
23.144553 344.384742 0.0000000000
23.144553 412.303393 0.0000000000
23.144553 493.616781 0.0000000000
23.144553 590.966581 0.0000000000
23.144553 707.515452 0.0000000000
23.144553 847.049784 0.0000000000
23.144553 1014.102708 0.0000000000
23.144553 1214.101370 0.0000000000
23.144553 1453.543241 0.0000000000
23.144553 1740.207206 0.0000000000
23.144553 2083.406283 0.0000000000
23.144553 2494.290176 0.0000000000
23.144553 2986.207508 0.0000000000
23.144553 3575.139478 0.0000000000
23.144553 4280.219059 0.0000000000
23.144553 5124.352575 0.0000000000
23.144553 6134.963878 0.0000000000
23.144553 7344.885277 0.0000000000
23.144553 8793.424183 0.0000000000

27.709061 1.000000 0.0000000000
27.709061 2.000000 0.0000000000
27.709061 3.000000 0.0000000000
27.709061 4.000000 0.0000000000
27.709061 5.000000 0.0000000000
27.709061 6.565046 24.1356998176
27.709061 7.859787 0.0000000000
27.709061 9.409873 18.2160997030
27.709061 11.265663 5.3323608833
27.709061 13.487448 0.0000000000
27.709061 16.147407 3.2632603247
27.709061 19.331956 0.0000000000
27.709061 23.144553 0.0000000000
27.709061 27.709061 0.0000000000
27.709061 33.173769 0.0000000000
27.709061 39.716212 0.0000000000
27.709061 47.548939 0.0000000000
27.709061 56.926415 1.9068431018
27.709061 68.153292 0.0000000000
27.709061 81.594305 0.0000000000
27.709061 97.686119 0.0000000000
27.709061 116.951518 0.0000000000
27.709061 140.016387 0.0000000000
27.709061 167.630050 0.0000000000
27.709061 200.689607 0.0000000000
27.709061 240.269082 0.0000000000
27.709061 287.654316 0.0000000000
27.709061 344.384742 0.0000000000
27.709061 412.303393 0.0000000000
27.709061 493.616781 0.0000000000
27.709061 590.966581 0.0000000000
27.709061 707.515452 0.0000000000
27.709061 847.049784 0.0000000000
27.709061 1014.102708 0.0000000000
27.709061 1214.101370 0.0000000000
27.709061 1453.543241 0.0000000000
27.709061 1740.207206 0.0000000000
27.709061 2083.406283 0.0000000000
27.709061 2494.290176 0.0000000000
27.709061 2986.207508 0.0000000000
27.709061 3575.139478 0.0000000000
27.709061 4280.219059 0.0000000000
27.709061 5124.352575 0.0000000000
27.709061 6134.963878 0.0000000000
27.709061 7344.885277 0.0000000000
27.709061 8793.424183 0.0000000000

33.173769 1.000000 0.0000000000
33.173769 2.000000 0.0000000000
33.173769 3.000000 0.0000000000
33.173769 4.000000 0.0000000000
33.173769 5.000000 7.7562297781
33.173769 6.565046 1.0557959676
33.173769 7.859787 0.0000000000
33.173769 9.409873 0.0000000000
33.173769 11.265663 0.0000000000
33.173769 13.487448 0.0000000000
33.173769 16.147407 0.0000000000
33.173769 19.331956 0.0000000000
33.173769 23.144553 0.0000000000
33.173769 27.709061 0.0000000000
33.173769 33.173769 0.0000000000
33.173769 39.716212 0.0000000000
33.173769 47.548939 13.6219156194
33.173769 56.926415 0.0000000000
33.173769 68.153292 0.0000000000
33.173769 81.594305 0.0000000000
33.173769 97.686119 0.0000000000
33.173769 116.951518 0.0000000000
33.173769 140.016387 0.0000000000
33.173769 167.630050 0.0000000000
33.173769 200.689607 0.0000000000
33.173769 240.269082 0.0000000000
33.173769 287.654316 0.0000000000
33.173769 344.384742 0.0000000000
33.173769 412.303393 0.0000000000
33.173769 493.616781 0.0000000000
33.173769 590.966581 0.0000000000
33.173769 707.515452 0.0000000000
33.173769 847.049784 0.0000000000
33.173769 1014.102708 0.0000000000
33.173769 1214.101370 0.0000000000
33.173769 1453.543241 0.0000000000
33.173769 1740.207206 0.0000000000
33.173769 2083.406283 0.0000000000
33.173769 2494.290176 0.0000000000
33.173769 2986.207508 0.0000000000
33.173769 3575.139478 0.0000000000
33.173769 4280.219059 0.0000000000
33.173769 5124.352575 0.0000000000
33.173769 6134.963878 0.0000000000
33.173769 7344.885277 0.0000000000
33.173769 8793.424183 0.0000000000

39.716212 1.000000 0.2668381035
39.716212 2.000000 22.8135243367
39.716212 3.000000 3.7597396717
39.716212 4.000000 0.0000000000
39.716212 5.000000 3.0007329493
39.716212 6.565046 0.0000000000
39.716212 7.859787 0.0000000000
39.716212 9.409873 45.7677245152
39.716212 11.265663 13.6915923219
39.716212 13.487448 1.4042425697
39.716212 16.147407 0.0000000000
39.716212 19.331956 0.0000000000
39.716212 23.144553 0.0000000000
39.716212 27.709061 0.0000000000
39.716212 33.173769 0.0000000000
39.716212 39.716212 0.6614800211
39.716212 47.548939 0.0000000000
39.716212 56.926415 0.0000000000
39.716212 68.153292 0.0000000000
39.716212 81.594305 0.0000000000
39.716212 97.686119 0.0000000000
39.716212 116.951518 0.0000000000
39.716212 140.016387 0.0000000000
39.716212 167.630050 0.0000000000
39.716212 200.689607 0.0000000000
39.716212 240.269082 0.0000000000
39.716212 287.654316 0.0000000000
39.716212 344.384742 0.0000000000
39.716212 412.303393 0.0000000000
39.716212 493.616781 0.0000000000
39.716212 590.966581 0.0000000000
39.716212 707.515452 0.0000000000
39.716212 847.049784 0.0000000000
39.716212 1014.102708 0.0000000000
39.716212 1214.101370 0.0000000000
39.716212 1453.543241 0.0000000000
39.716212 1740.207206 0.0000000000
39.716212 2083.406283 0.0000000000
39.716212 2494.290176 0.0000000000
39.716212 2986.207508 0.0000000000
39.716212 3575.139478 0.0000000000
39.716212 4280.219059 0.0000000000
39.716212 5124.352575 0.0000000000
39.716212 6134.963878 0.0000000000
39.716212 7344.885277 0.0000000000
39.716212 8793.424183 0.0000000000

47.548939 1.000000 0.0000000000
47.548939 2.000000 0.0000000000
47.548939 3.000000 0.0000000000
47.548939 4.000000 0.0000000000
47.548939 5.000000 0.0000000000
47.548939 6.565046 0.8196592349
47.548939 7.859787 0.0000000000
47.548939 9.409873 0.0000000000
47.548939 11.265663 0.0000000000
47.548939 13.487448 0.0000000000
47.548939 16.147407 0.0000000000
47.548939 19.331956 0.0000000000
47.548939 23.144553 0.0000000000
47.548939 27.709061 2.8580740119
47.548939 33.173769 0.4571770418
47.548939 39.716212 0.0000000000
47.548939 47.548939 0.0000000000
47.548939 56.926415 0.0000000000
47.548939 68.153292 6.7500000000
47.548939 81.594305 0.0000000000
47.548939 97.686119 0.0000000000
47.548939 116.951518 0.0000000000
47.548939 140.016387 0.0000000000
47.548939 167.630050 0.0000000000
47.548939 200.689607 0.0000000000
47.548939 240.269082 0.0000000000
47.548939 287.654316 0.0000000000
47.548939 344.384742 0.0000000000
47.548939 412.303393 0.0000000000
47.548939 493.616781 0.0000000000
47.548939 590.966581 0.0000000000
47.548939 707.515452 0.0000000000
47.548939 847.049784 0.0000000000
47.548939 1014.102708 0.0000000000
47.548939 1214.101370 0.0000000000
47.548939 1453.543241 0.0000000000
47.548939 1740.207206 0.0000000000
47.548939 2083.406283 0.0000000000
47.548939 2494.290176 0.0000000000
47.548939 2986.207508 0.0000000000
47.548939 3575.139478 0.0000000000
47.548939 4280.219059 0.0000000000
47.548939 5124.352575 0.0000000000
47.548939 6134.963878 0.0000000000
47.548939 7344.885277 0.0000000000
47.548939 8793.424183 0.0000000000

56.926415 1.000000 0.0000000000
56.926415 2.000000 1.3224100849
56.926415 3.000000 0.0000000000
56.926415 4.000000 0.0000000000
56.926415 5.000000 0.0000000000
56.926415 6.565046 0.0000000000
56.926415 7.859787 12.2063171344
56.926415 9.409873 201.6583333907
56.926415 11.265663 0.0000000000
56.926415 13.487448 0.0000000000
56.926415 16.147407 0.0000000000
56.926415 19.331956 0.0000000000
56.926415 23.144553 0.0000000000
56.926415 27.709061 0.0000000000
56.926415 33.173769 0.0000000000
56.926415 39.716212 0.0000000000
56.926415 47.548939 0.0000000000
56.926415 56.926415 0.0000000000
56.926415 68.153292 0.0000000000
56.926415 81.594305 0.0000000000
56.926415 97.686119 0.0000000000
56.926415 116.951518 0.0000000000
56.926415 140.016387 0.0000000000
56.926415 167.630050 0.0000000000
56.926415 200.689607 0.0000000000
56.926415 240.269082 0.0000000000
56.926415 287.654316 0.0000000000
56.926415 344.384742 0.0000000000
56.926415 412.303393 0.0000000000
56.926415 493.616781 0.0000000000
56.926415 590.966581 0.0000000000
56.926415 707.515452 0.0000000000
56.926415 847.049784 0.0000000000
56.926415 1014.102708 0.0005464481
56.926415 1214.101370 0.0000000000
56.926415 1453.543241 0.0000000000
56.926415 1740.207206 0.0000000000
56.926415 2083.406283 0.0000000000
56.926415 2494.290176 0.0000000000
56.926415 2986.207508 0.0000000000
56.926415 3575.139478 0.0000000000
56.926415 4280.219059 0.0000000000
56.926415 5124.352575 0.0000000000
56.926415 6134.963878 0.0000000000
56.926415 7344.885277 0.0000000000
56.926415 8793.424183 0.0000000000

68.153292 1.000000 0.0000000000
68.153292 2.000000 0.0000000000
68.153292 3.000000 0.0000000000
68.153292 4.000000 0.0000000000
68.153292 5.000000 0.0000000000
68.153292 6.565046 0.0000000000
68.153292 7.859787 0.0000000000
68.153292 9.409873 0.0000000000
68.153292 11.265663 0.0000000000
68.153292 13.487448 0.0000000000
68.153292 16.147407 0.0000000000
68.153292 19.331956 0.0000000000
68.153292 23.144553 0.0000000000
68.153292 27.709061 0.0000000000
68.153292 33.173769 0.0000000000
68.153292 39.716212 0.0000000000
68.153292 47.548939 0.0000000000
68.153292 56.926415 0.0000000000
68.153292 68.153292 0.0000000000
68.153292 81.594305 0.0000000000
68.153292 97.686119 0.0000000000
68.153292 116.951518 0.0000000000
68.153292 140.016387 0.0000000000
68.153292 167.630050 0.0000000000
68.153292 200.689607 0.0000000000
68.153292 240.269082 0.0000000000
68.153292 287.654316 0.0000000000
68.153292 344.384742 0.0000000000
68.153292 412.303393 0.0000000000
68.153292 493.616781 0.0000000000
68.153292 590.966581 0.0000000000
68.153292 707.515452 0.0000000000
68.153292 847.049784 0.0000000000
68.153292 1014.102708 0.0000000000
68.153292 1214.101370 0.0000000000
68.153292 1453.543241 0.0000000000
68.153292 1740.207206 0.0000000000
68.153292 2083.406283 0.0000000000
68.153292 2494.290176 0.0000000000
68.153292 2986.207508 0.0000000000
68.153292 3575.139478 0.0000000000
68.153292 4280.219059 0.0000000000
68.153292 5124.352575 0.0000000000
68.153292 6134.963878 0.0000000000
68.153292 7344.885277 0.0000000000
68.153292 8793.424183 0.0000000000

81.594305 1.000000 0.0000000000
81.594305 2.000000 0.0000000000
81.594305 3.000000 0.0000000000
81.594305 4.000000 0.0000000000
81.594305 5.000000 0.0000000000
81.594305 6.565046 0.0000000000
81.594305 7.859787 0.0000000000
81.594305 9.409873 0.0000000000
81.594305 11.265663 0.0000000000
81.594305 13.487448 2.4873246823
81.594305 16.147407 0.0000000000
81.594305 19.331956 0.0000000000
81.594305 23.144553 0.0000000000
81.594305 27.709061 0.0000000000
81.594305 33.173769 0.0000000000
81.594305 39.716212 1.8312179501
81.594305 47.548939 0.0000000000
81.594305 56.926415 1.0494990351
81.594305 68.153292 0.0000000000
81.594305 81.594305 0.0000000000
81.594305 97.686119 0.0000000000
81.594305 116.951518 0.0000000000
81.594305 140.016387 0.0000000000
81.594305 167.630050 0.0000000000
81.594305 200.689607 0.0000000000
81.594305 240.269082 0.0000000000
81.594305 287.654316 0.0000000000
81.594305 344.384742 0.0000000000
81.594305 412.303393 0.0000000000
81.594305 493.616781 0.0000000000
81.594305 590.966581 0.0000000000
81.594305 707.515452 0.0000000000
81.594305 847.049784 0.0000000000
81.594305 1014.102708 0.0000000000
81.594305 1214.101370 0.0000000000
81.594305 1453.543241 0.0000000000
81.594305 1740.207206 0.0000000000
81.594305 2083.406283 0.0000000000
81.594305 2494.290176 0.0000000000
81.594305 2986.207508 0.0000000000
81.594305 3575.139478 0.0000000000
81.594305 4280.219059 0.0000000000
81.594305 5124.352575 0.0000000000
81.594305 6134.963878 0.0000000000
81.594305 7344.885277 0.0000000000
81.594305 8793.424183 0.0000000000

97.686119 1.000000 0.0000000000
97.686119 2.000000 0.0000000000
97.686119 3.000000 0.0000000000
97.686119 4.000000 1.8905247806
97.686119 5.000000 0.0000000000
97.686119 6.565046 0.0000000000
97.686119 7.859787 0.0000000000
97.686119 9.409873 0.0000000000
97.686119 11.265663 0.0000000000
97.686119 13.487448 0.0000000000
97.686119 16.147407 0.0000000000
97.686119 19.331956 0.0000000000
97.686119 23.144553 0.0000000000
97.686119 27.709061 0.0000000000
97.686119 33.173769 0.1671224984
97.686119 39.716212 0.0000000000
97.686119 47.548939 0.0000000000
97.686119 56.926415 0.0000000000
97.686119 68.153292 0.0000000000
97.686119 81.594305 0.0000000000
97.686119 97.686119 0.0000000000
97.686119 116.951518 0.0000000000
97.686119 140.016387 0.0000000000
97.686119 167.630050 0.0000000000
97.686119 200.689607 0.0000000000
97.686119 240.269082 0.0000000000
97.686119 287.654316 0.0000000000
97.686119 344.384742 0.0000000000
97.686119 412.303393 0.0000000000
97.686119 493.616781 0.0000000000
97.686119 590.966581 0.0000000000
97.686119 707.515452 0.0000000000
97.686119 847.049784 0.0000000000
97.686119 1014.102708 0.0000000000
97.686119 1214.101370 0.0000000000
97.686119 1453.543241 0.0000000000
97.686119 1740.207206 0.0000000000
97.686119 2083.406283 0.0000000000
97.686119 2494.290176 0.0000000000
97.686119 2986.207508 0.0000000000
97.686119 3575.139478 0.0000000000
97.686119 4280.219059 0.0000000000
97.686119 5124.352575 0.0000000000
97.686119 6134.963878 0.0000000000
97.686119 7344.885277 0.0000000000
97.686119 8793.424183 0.0000000000

116.951518 1.000000 0.0000000000
116.951518 2.000000 0.0000000000
116.951518 3.000000 0.0000000000
116.951518 4.000000 0.0000000000
116.951518 5.000000 0.0000000000
116.951518 6.565046 0.0000000000
116.951518 7.859787 0.0000000000
116.951518 9.409873 0.0000000000
116.951518 11.265663 0.0000000000
116.951518 13.487448 0.0000000000
116.951518 16.147407 0.0000000000
116.951518 19.331956 0.0000000000
116.951518 23.144553 0.0000000000
116.951518 27.709061 0.0000000000
116.951518 33.173769 0.0000000000
116.951518 39.716212 1.6117335646
116.951518 47.548939 0.0000000000
116.951518 56.926415 0.0000000000
116.951518 68.153292 0.0000000000
116.951518 81.594305 0.0000000000
116.951518 97.686119 0.0000000000
116.951518 116.951518 0.0000000000
116.951518 140.016387 0.0000000000
116.951518 167.630050 0.0000000000
116.951518 200.689607 0.0000000000
116.951518 240.269082 0.0000000000
116.951518 287.654316 0.0000000000
116.951518 344.384742 0.0000000000
116.951518 412.303393 0.0514285714
116.951518 493.616781 0.0000000000
116.951518 590.966581 0.0000000000
116.951518 707.515452 0.0000000000
116.951518 847.049784 0.0000000000
116.951518 1014.102708 0.0000000000
116.951518 1214.101370 0.0000000000
116.951518 1453.543241 0.0000000000
116.951518 1740.207206 0.0000000000
116.951518 2083.406283 0.0000000000
116.951518 2494.290176 0.0000000000
116.951518 2986.207508 0.0000000000
116.951518 3575.139478 0.0000000000
116.951518 4280.219059 0.0000000000
116.951518 5124.352575 0.0000000000
116.951518 6134.963878 0.0000000000
116.951518 7344.885277 0.0000000000
116.951518 8793.424183 0.0000000000

140.016387 1.000000 0.3102561705
140.016387 2.000000 0.0000000000
140.016387 3.000000 0.0000000000
140.016387 4.000000 0.0000000000
140.016387 5.000000 0.0000000000
140.016387 6.565046 1.2164113482
140.016387 7.859787 0.0000000000
140.016387 9.409873 0.0000000000
140.016387 11.265663 0.0000000000
140.016387 13.487448 0.0000000000
140.016387 16.147407 0.0000000000
140.016387 19.331956 0.0000000000
140.016387 23.144553 0.0000000000
140.016387 27.709061 0.0000000000
140.016387 33.173769 0.0000000000
140.016387 39.716212 0.0000000000
140.016387 47.548939 0.0000000000
140.016387 56.926415 0.1008667176
140.016387 68.153292 0.0000000000
140.016387 81.594305 0.0000000000
140.016387 97.686119 0.0000000000
140.016387 116.951518 0.0000000000
140.016387 140.016387 0.0000000000
140.016387 167.630050 0.0000000000
140.016387 200.689607 0.0000000000
140.016387 240.269082 0.0000000000
140.016387 287.654316 0.0000000000
140.016387 344.384742 0.0000000000
140.016387 412.303393 0.0000000000
140.016387 493.616781 0.0000000000
140.016387 590.966581 0.0000000000
140.016387 707.515452 0.0000000000
140.016387 847.049784 0.0000000000
140.016387 1014.102708 0.0000000000
140.016387 1214.101370 0.0000000000
140.016387 1453.543241 0.0000000000
140.016387 1740.207206 0.0000000000
140.016387 2083.406283 0.0000000000
140.016387 2494.290176 0.0000000000
140.016387 2986.207508 0.0000000000
140.016387 3575.139478 0.0000000000
140.016387 4280.219059 0.0000000000
140.016387 5124.352575 0.0000000000
140.016387 6134.963878 0.0000000000
140.016387 7344.885277 0.0000000000
140.016387 8793.424183 0.0000000000

167.630050 1.000000 0.0000000000
167.630050 2.000000 0.0000000000
167.630050 3.000000 0.0000000000
167.630050 4.000000 0.0000000000
167.630050 5.000000 0.0000000000
167.630050 6.565046 0.0000000000
167.630050 7.859787 0.0000000000
167.630050 9.409873 0.0000000000
167.630050 11.265663 0.0000000000
167.630050 13.487448 0.0000000000
167.630050 16.147407 0.0000000000
167.630050 19.331956 0.0000000000
167.630050 23.144553 0.0000000000
167.630050 27.709061 0.0000000000
167.630050 33.173769 0.0000000000
167.630050 39.716212 0.0000000000
167.630050 47.548939 0.0000000000
167.630050 56.926415 0.0000000000
167.630050 68.153292 0.0000000000
167.630050 81.594305 0.0000000000
167.630050 97.686119 2.2666666667
167.630050 116.951518 0.0000000000
167.630050 140.016387 0.0000000000
167.630050 167.630050 0.0000000000
167.630050 200.689607 0.0000000000
167.630050 240.269082 0.0000000000
167.630050 287.654316 0.0000000000
167.630050 344.384742 0.0000000000
167.630050 412.303393 0.0000000000
167.630050 493.616781 0.0000000000
167.630050 590.966581 0.0000000000
167.630050 707.515452 0.0000000000
167.630050 847.049784 0.0000000000
167.630050 1014.102708 0.0000000000
167.630050 1214.101370 0.0000000000
167.630050 1453.543241 0.0000000000
167.630050 1740.207206 0.0000000000
167.630050 2083.406283 0.0000000000
167.630050 2494.290176 0.0000000000
167.630050 2986.207508 0.0000000000
167.630050 3575.139478 0.0000000000
167.630050 4280.219059 0.0000000000
167.630050 5124.352575 0.0000000000
167.630050 6134.963878 0.0000000000
167.630050 7344.885277 0.0000000000
167.630050 8793.424183 0.0000000000

200.689607 1.000000 0.0000000000
200.689607 2.000000 0.0000000000
200.689607 3.000000 0.0000000000
200.689607 4.000000 0.0000000000
200.689607 5.000000 0.0000000000
200.689607 6.565046 0.0000000000
200.689607 7.859787 0.0000000000
200.689607 9.409873 0.0000000000
200.689607 11.265663 0.0000000000
200.689607 13.487448 0.0000000000
200.689607 16.147407 0.0000000000
200.689607 19.331956 0.0000000000
200.689607 23.144553 0.0000000000
200.689607 27.709061 0.0000000000
200.689607 33.173769 0.0000000000
200.689607 39.716212 0.0000000000
200.689607 47.548939 0.0000000000
200.689607 56.926415 0.0000000000
200.689607 68.153292 0.0000000000
200.689607 81.594305 0.0400529074
200.689607 97.686119 0.0000000000
200.689607 116.951518 0.0000000000
200.689607 140.016387 0.0000000000
200.689607 167.630050 0.0000000000
200.689607 200.689607 0.0000000000
200.689607 240.269082 0.0000000000
200.689607 287.654316 0.0000000000
200.689607 344.384742 0.0000000000
200.689607 412.303393 0.0000000000
200.689607 493.616781 0.0000000000
200.689607 590.966581 0.0000000000
200.689607 707.515452 0.0000000000
200.689607 847.049784 0.0000000000
200.689607 1014.102708 0.0000000000
200.689607 1214.101370 0.0000000000
200.689607 1453.543241 0.0000000000
200.689607 1740.207206 0.0000000000
200.689607 2083.406283 0.0000000000
200.689607 2494.290176 0.0000000000
200.689607 2986.207508 0.0000000000
200.689607 3575.139478 0.0000000000
200.689607 4280.219059 0.0000000000
200.689607 5124.352575 0.0000000000
200.689607 6134.963878 0.0000000000
200.689607 7344.885277 0.0000000000
200.689607 8793.424183 0.0000000000

240.269082 1.000000 0.0000000000
240.269082 2.000000 0.0000000000
240.269082 3.000000 0.0000000000
240.269082 4.000000 0.0000000000
240.269082 5.000000 0.0000000000
240.269082 6.565046 0.0000000000
240.269082 7.859787 0.0000000000
240.269082 9.409873 0.0000000000
240.269082 11.265663 0.0000000000
240.269082 13.487448 0.0000000000
240.269082 16.147407 0.0000000000
240.269082 19.331956 0.0000000000
240.269082 23.144553 0.0000000000
240.269082 27.709061 0.0000000000
240.269082 33.173769 0.0000000000
240.269082 39.716212 0.0000000000
240.269082 47.548939 0.6385667075
240.269082 56.926415 0.0000000000
240.269082 68.153292 0.0000000000
240.269082 81.594305 0.0000000000
240.269082 97.686119 0.0000000000
240.269082 116.951518 0.0000000000
240.269082 140.016387 0.0000000000
240.269082 167.630050 0.0000000000
240.269082 200.689607 0.0000000000
240.269082 240.269082 0.0000000000
240.269082 287.654316 0.0000000000
240.269082 344.384742 0.0000000000
240.269082 412.303393 0.0000000000
240.269082 493.616781 0.0000000000
240.269082 590.966581 0.0000000000
240.269082 707.515452 0.0000000000
240.269082 847.049784 0.0000000000
240.269082 1014.102708 0.0000000000
240.269082 1214.101370 0.0000000000
240.269082 1453.543241 0.0000000000
240.269082 1740.207206 0.0000000000
240.269082 2083.406283 0.0000000000
240.269082 2494.290176 0.0000000000
240.269082 2986.207508 0.0000000000
240.269082 3575.139478 0.0000000000
240.269082 4280.219059 0.0000000000
240.269082 5124.352575 0.0000000000
240.269082 6134.963878 0.0000000000
240.269082 7344.885277 0.0000000000
240.269082 8793.424183 0.0000000000

287.654316 1.000000 0.0000000000
287.654316 2.000000 0.0000000000
287.654316 3.000000 0.0000000000
287.654316 4.000000 0.0000000000
287.654316 5.000000 0.0000000000
287.654316 6.565046 0.0000000000
287.654316 7.859787 0.0000000000
287.654316 9.409873 0.0000000000
287.654316 11.265663 0.0000000000
287.654316 13.487448 0.0000000000
287.654316 16.147407 0.0000000000
287.654316 19.331956 0.0000000000
287.654316 23.144553 0.0000000000
287.654316 27.709061 0.0000000000
287.654316 33.173769 0.0000000000
287.654316 39.716212 0.0000000000
287.654316 47.548939 0.0000000000
287.654316 56.926415 0.0000000000
287.654316 68.153292 0.0000000000
287.654316 81.594305 0.0319353501
287.654316 97.686119 0.0000000000
287.654316 116.951518 0.0000000000
287.654316 140.016387 0.0000000000
287.654316 167.630050 0.0000000000
287.654316 200.689607 0.0000000000
287.654316 240.269082 0.0000000000
287.654316 287.654316 0.0000000000
287.654316 344.384742 0.0000000000
287.654316 412.303393 0.0000000000
287.654316 493.616781 0.0000000000
287.654316 590.966581 0.0000000000
287.654316 707.515452 0.0000000000
287.654316 847.049784 0.0000000000
287.654316 1014.102708 0.0000000000
287.654316 1214.101370 0.0000000000
287.654316 1453.543241 0.0000000000
287.654316 1740.207206 0.0000000000
287.654316 2083.406283 0.0000000000
287.654316 2494.290176 0.0000000000
287.654316 2986.207508 0.0000000000
287.654316 3575.139478 0.0000000000
287.654316 4280.219059 0.0000000000
287.654316 5124.352575 0.0000000000
287.654316 6134.963878 0.0000000000
287.654316 7344.885277 0.0000000000
287.654316 8793.424183 0.0000000000

344.384742 1.000000 0.0000000000
344.384742 2.000000 0.0000000000
344.384742 3.000000 0.0000000000
344.384742 4.000000 0.0000000000
344.384742 5.000000 0.0000000000
344.384742 6.565046 0.0000000000
344.384742 7.859787 0.0000000000
344.384742 9.409873 0.0000000000
344.384742 11.265663 0.0000000000
344.384742 13.487448 0.0000000000
344.384742 16.147407 0.0000000000
344.384742 19.331956 0.0000000000
344.384742 23.144553 0.0000000000
344.384742 27.709061 0.0000000000
344.384742 33.173769 0.0000000000
344.384742 39.716212 0.0000000000
344.384742 47.548939 0.0000000000
344.384742 56.926415 0.0000000000
344.384742 68.153292 0.0000000000
344.384742 81.594305 0.0000000000
344.384742 97.686119 0.0000000000
344.384742 116.951518 0.0000000000
344.384742 140.016387 0.0000000000
344.384742 167.630050 0.0000000000
344.384742 200.689607 0.0000000000
344.384742 240.269082 0.0000000000
344.384742 287.654316 0.0000000000
344.384742 344.384742 0.0000000000
344.384742 412.303393 0.0000000000
344.384742 493.616781 0.0000000000
344.384742 590.966581 0.0000000000
344.384742 707.515452 0.0000000000
344.384742 847.049784 0.0000000000
344.384742 1014.102708 0.0000000000
344.384742 1214.101370 0.0000000000
344.384742 1453.543241 0.0000000000
344.384742 1740.207206 0.0000000000
344.384742 2083.406283 0.0000000000
344.384742 2494.290176 0.0000000000
344.384742 2986.207508 0.0000000000
344.384742 3575.139478 0.0000000000
344.384742 4280.219059 0.0000000000
344.384742 5124.352575 0.0000000000
344.384742 6134.963878 0.0000000000
344.384742 7344.885277 0.0000000000
344.384742 8793.424183 0.0000000000

412.303393 1.000000 0.0000000000
412.303393 2.000000 0.0000000000
412.303393 3.000000 0.0000000000
412.303393 4.000000 0.0000000000
412.303393 5.000000 0.0000000000
412.303393 6.565046 0.0000000000
412.303393 7.859787 0.0000000000
412.303393 9.409873 0.0000000000
412.303393 11.265663 0.0000000000
412.303393 13.487448 0.0000000000
412.303393 16.147407 0.0000000000
412.303393 19.331956 0.0000000000
412.303393 23.144553 0.0000000000
412.303393 27.709061 0.0000000000
412.303393 33.173769 0.0000000000
412.303393 39.716212 0.0000000000
412.303393 47.548939 0.0000000000
412.303393 56.926415 0.0000000000
412.303393 68.153292 0.0000000000
412.303393 81.594305 0.0000000000
412.303393 97.686119 0.0000000000
412.303393 116.951518 0.0000000000
412.303393 140.016387 0.0000000000
412.303393 167.630050 0.0000000000
412.303393 200.689607 0.0000000000
412.303393 240.269082 0.0000000000
412.303393 287.654316 0.0000000000
412.303393 344.384742 0.0000000000
412.303393 412.303393 0.0000000000
412.303393 493.616781 0.0000000000
412.303393 590.966581 0.0000000000
412.303393 707.515452 0.0000000000
412.303393 847.049784 0.0000000000
412.303393 1014.102708 0.0000000000
412.303393 1214.101370 0.0000000000
412.303393 1453.543241 0.0000000000
412.303393 1740.207206 0.0000000000
412.303393 2083.406283 0.0000000000
412.303393 2494.290176 0.0000000000
412.303393 2986.207508 0.0000000000
412.303393 3575.139478 0.0000000000
412.303393 4280.219059 0.0000000000
412.303393 5124.352575 0.0000000000
412.303393 6134.963878 0.0000000000
412.303393 7344.885277 0.0000000000
412.303393 8793.424183 0.0000000000

493.616781 1.000000 0.0000000000
493.616781 2.000000 0.0000000000
493.616781 3.000000 0.0000000000
493.616781 4.000000 0.0000000000
493.616781 5.000000 0.0000000000
493.616781 6.565046 0.0000000000
493.616781 7.859787 0.0000000000
493.616781 9.409873 0.0000000000
493.616781 11.265663 0.0000000000
493.616781 13.487448 0.0000000000
493.616781 16.147407 0.0000000000
493.616781 19.331956 0.0000000000
493.616781 23.144553 0.0000000000
493.616781 27.709061 0.0000000000
493.616781 33.173769 0.0000000000
493.616781 39.716212 0.0000000000
493.616781 47.548939 0.0000000000
493.616781 56.926415 0.0000000000
493.616781 68.153292 0.0000000000
493.616781 81.594305 0.0000000000
493.616781 97.686119 0.0000000000
493.616781 116.951518 0.0000000000
493.616781 140.016387 0.0000000000
493.616781 167.630050 0.0103940870
493.616781 200.689607 0.0000000000
493.616781 240.269082 0.0000000000
493.616781 287.654316 0.0000000000
493.616781 344.384742 0.0000000000
493.616781 412.303393 0.0000000000
493.616781 493.616781 0.0000000000
493.616781 590.966581 0.0000000000
493.616781 707.515452 0.0000000000
493.616781 847.049784 0.0000000000
493.616781 1014.102708 0.0000000000
493.616781 1214.101370 0.0000000000
493.616781 1453.543241 0.0000000000
493.616781 1740.207206 0.0000000000
493.616781 2083.406283 0.0000000000
493.616781 2494.290176 0.0000000000
493.616781 2986.207508 0.0000000000
493.616781 3575.139478 0.0000000000
493.616781 4280.219059 0.0000000000
493.616781 5124.352575 0.0000000000
493.616781 6134.963878 0.0000000000
493.616781 7344.885277 0.0000000000
493.616781 8793.424183 0.0000000000

590.966581 1.000000 0.0000000000
590.966581 2.000000 0.0000000000
590.966581 3.000000 0.0000000000
590.966581 4.000000 0.0000000000
590.966581 5.000000 0.0000000000
590.966581 6.565046 0.0000000000
590.966581 7.859787 0.0000000000
590.966581 9.409873 0.0000000000
590.966581 11.265663 0.0000000000
590.966581 13.487448 0.0000000000
590.966581 16.147407 0.0000000000
590.966581 19.331956 0.0000000000
590.966581 23.144553 0.0000000000
590.966581 27.709061 0.0000000000
590.966581 33.173769 0.0000000000
590.966581 39.716212 0.0000000000
590.966581 47.548939 0.0000000000
590.966581 56.926415 0.0000000000
590.966581 68.153292 0.0000000000
590.966581 81.594305 0.0000000000
590.966581 97.686119 0.0000000000
590.966581 116.951518 0.0000000000
590.966581 140.016387 0.0000000000
590.966581 167.630050 0.0000000000
590.966581 200.689607 0.0000000000
590.966581 240.269082 0.0000000000
590.966581 287.654316 0.0000000000
590.966581 344.384742 0.0000000000
590.966581 412.303393 0.0000000000
590.966581 493.616781 0.0000000000
590.966581 590.966581 0.0000000000
590.966581 707.515452 0.0000000000
590.966581 847.049784 0.0000000000
590.966581 1014.102708 0.0000000000
590.966581 1214.101370 0.0000000000
590.966581 1453.543241 0.0000000000
590.966581 1740.207206 0.0000000000
590.966581 2083.406283 0.0000000000
590.966581 2494.290176 0.0000000000
590.966581 2986.207508 0.0000000000
590.966581 3575.139478 0.0000000000
590.966581 4280.219059 0.0000000000
590.966581 5124.352575 0.0000000000
590.966581 6134.963878 0.0000000000
590.966581 7344.885277 0.0000000000
590.966581 8793.424183 0.0000000000

707.515452 1.000000 0.0000000000
707.515452 2.000000 0.0000000000
707.515452 3.000000 0.0000000000
707.515452 4.000000 0.0000000000
707.515452 5.000000 0.0000000000
707.515452 6.565046 0.0000000000
707.515452 7.859787 0.0000000000
707.515452 9.409873 0.0000000000
707.515452 11.265663 0.0000000000
707.515452 13.487448 0.0000000000
707.515452 16.147407 0.0000000000
707.515452 19.331956 0.0000000000
707.515452 23.144553 0.0000000000
707.515452 27.709061 0.0000000000
707.515452 33.173769 0.0000000000
707.515452 39.716212 0.0000000000
707.515452 47.548939 0.0000000000
707.515452 56.926415 0.0000000000
707.515452 68.153292 0.0000000000
707.515452 81.594305 0.0000000000
707.515452 97.686119 0.0000000000
707.515452 116.951518 0.0000000000
707.515452 140.016387 0.0000000000
707.515452 167.630050 0.0000000000
707.515452 200.689607 0.0000000000
707.515452 240.269082 0.0000000000
707.515452 287.654316 0.0054086538
707.515452 344.384742 0.0000000000
707.515452 412.303393 0.0000000000
707.515452 493.616781 0.0000000000
707.515452 590.966581 0.0000000000
707.515452 707.515452 0.0000000000
707.515452 847.049784 0.0000000000
707.515452 1014.102708 0.0000000000
707.515452 1214.101370 0.0000000000
707.515452 1453.543241 0.0000000000
707.515452 1740.207206 0.0000000000
707.515452 2083.406283 0.0000000000
707.515452 2494.290176 0.0000000000
707.515452 2986.207508 0.0000000000
707.515452 3575.139478 0.0000000000
707.515452 4280.219059 0.0000000000
707.515452 5124.352575 0.0000000000
707.515452 6134.963878 0.0000000000
707.515452 7344.885277 0.0000000000
707.515452 8793.424183 0.0000000000

847.049784 1.000000 0.0000000000
847.049784 2.000000 0.0000000000
847.049784 3.000000 0.0000000000
847.049784 4.000000 0.0000000000
847.049784 5.000000 0.0000000000
847.049784 6.565046 0.0000000000
847.049784 7.859787 0.0000000000
847.049784 9.409873 0.0000000000
847.049784 11.265663 0.0000000000
847.049784 13.487448 0.0000000000
847.049784 16.147407 0.0000000000
847.049784 19.331956 0.0000000000
847.049784 23.144553 0.0000000000
847.049784 27.709061 0.0000000000
847.049784 33.173769 0.0000000000
847.049784 39.716212 0.0000000000
847.049784 47.548939 0.0000000000
847.049784 56.926415 0.0000000000
847.049784 68.153292 0.0000000000
847.049784 81.594305 0.0000000000
847.049784 97.686119 0.0000000000
847.049784 116.951518 0.0000000000
847.049784 140.016387 0.0000000000
847.049784 167.630050 0.0000000000
847.049784 200.689607 0.0000000000
847.049784 240.269082 0.0000000000
847.049784 287.654316 0.0000000000
847.049784 344.384742 0.0000000000
847.049784 412.303393 0.0000000000
847.049784 493.616781 0.0000000000
847.049784 590.966581 0.0000000000
847.049784 707.515452 0.0000000000
847.049784 847.049784 0.0000000000
847.049784 1014.102708 0.0000000000
847.049784 1214.101370 0.0000000000
847.049784 1453.543241 0.0000000000
847.049784 1740.207206 0.0000000000
847.049784 2083.406283 0.0000000000
847.049784 2494.290176 0.0000000000
847.049784 2986.207508 0.0000000000
847.049784 3575.139478 0.0000000000
847.049784 4280.219059 0.0000000000
847.049784 5124.352575 0.0000000000
847.049784 6134.963878 0.0000000000
847.049784 7344.885277 0.0000000000
847.049784 8793.424183 0.0000000000

1014.102708 1.000000 0.0000000000
1014.102708 2.000000 0.0000000000
1014.102708 3.000000 0.0000000000
1014.102708 4.000000 0.0000000000
1014.102708 5.000000 0.0000000000
1014.102708 6.565046 0.0000000000
1014.102708 7.859787 0.0000000000
1014.102708 9.409873 0.0000000000
1014.102708 11.265663 0.0000000000
1014.102708 13.487448 0.0000000000
1014.102708 16.147407 0.0000000000
1014.102708 19.331956 0.0000000000
1014.102708 23.144553 0.0000000000
1014.102708 27.709061 0.0000000000
1014.102708 33.173769 0.0000000000
1014.102708 39.716212 0.0000000000
1014.102708 47.548939 0.0000000000
1014.102708 56.926415 0.0000000000
1014.102708 68.153292 0.0000000000
1014.102708 81.594305 0.0000000000
1014.102708 97.686119 0.0000000000
1014.102708 116.951518 0.0000000000
1014.102708 140.016387 0.0000000000
1014.102708 167.630050 0.0000000000
1014.102708 200.689607 0.0000000000
1014.102708 240.269082 0.0000000000
1014.102708 287.654316 0.0000000000
1014.102708 344.384742 0.0000000000
1014.102708 412.303393 0.0000000000
1014.102708 493.616781 0.0000000000
1014.102708 590.966581 0.0000000000
1014.102708 707.515452 0.0000000000
1014.102708 847.049784 0.0000000000
1014.102708 1014.102708 0.0000000000
1014.102708 1214.101370 0.0000000000
1014.102708 1453.543241 0.0000000000
1014.102708 1740.207206 0.0000000000
1014.102708 2083.406283 0.0000000000
1014.102708 2494.290176 0.0000000000
1014.102708 2986.207508 0.0000000000
1014.102708 3575.139478 0.0000000000
1014.102708 4280.219059 0.0000000000
1014.102708 5124.352575 0.0000000000
1014.102708 6134.963878 0.0000000000
1014.102708 7344.885277 0.0000000000
1014.102708 8793.424183 0.0000000000

1214.101370 1.000000 0.0000000000
1214.101370 2.000000 0.0000000000
1214.101370 3.000000 0.0000000000
1214.101370 4.000000 0.0000000000
1214.101370 5.000000 0.0000000000
1214.101370 6.565046 0.0000000000
1214.101370 7.859787 0.0000000000
1214.101370 9.409873 0.0000000000
1214.101370 11.265663 0.0000000000
1214.101370 13.487448 0.0000000000
1214.101370 16.147407 0.0000000000
1214.101370 19.331956 0.0000000000
1214.101370 23.144553 0.0000000000
1214.101370 27.709061 0.0000000000
1214.101370 33.173769 0.0000000000
1214.101370 39.716212 0.0000000000
1214.101370 47.548939 0.0000000000
1214.101370 56.926415 0.0000000000
1214.101370 68.153292 0.0000000000
1214.101370 81.594305 0.0000000000
1214.101370 97.686119 0.0000000000
1214.101370 116.951518 0.0000000000
1214.101370 140.016387 0.0000000000
1214.101370 167.630050 0.0000000000
1214.101370 200.689607 0.0000000000
1214.101370 240.269082 0.0000000000
1214.101370 287.654316 0.0000000000
1214.101370 344.384742 0.0000000000
1214.101370 412.303393 0.0000000000
1214.101370 493.616781 0.0000000000
1214.101370 590.966581 0.0000000000
1214.101370 707.515452 0.0000000000
1214.101370 847.049784 0.0000000000
1214.101370 1014.102708 0.0000000000
1214.101370 1214.101370 0.0000000000
1214.101370 1453.543241 0.0000000000
1214.101370 1740.207206 0.0000000000
1214.101370 2083.406283 0.0000000000
1214.101370 2494.290176 0.0000000000
1214.101370 2986.207508 0.0000000000
1214.101370 3575.139478 0.0000000000
1214.101370 4280.219059 0.0000000000
1214.101370 5124.352575 0.0000000000
1214.101370 6134.963878 0.0000000000
1214.101370 7344.885277 0.0000000000
1214.101370 8793.424183 0.0000000000

1453.543241 1.000000 0.0000000000
1453.543241 2.000000 0.0000000000
1453.543241 3.000000 0.0000000000
1453.543241 4.000000 0.0000000000
1453.543241 5.000000 0.0000000000
1453.543241 6.565046 0.0000000000
1453.543241 7.859787 0.0000000000
1453.543241 9.409873 0.0000000000
1453.543241 11.265663 0.0000000000
1453.543241 13.487448 0.0000000000
1453.543241 16.147407 0.0000000000
1453.543241 19.331956 0.0000000000
1453.543241 23.144553 0.0000000000
1453.543241 27.709061 0.0000000000
1453.543241 33.173769 0.0000000000
1453.543241 39.716212 0.0000000000
1453.543241 47.548939 0.0000000000
1453.543241 56.926415 0.0000000000
1453.543241 68.153292 0.0000000000
1453.543241 81.594305 0.0000000000
1453.543241 97.686119 0.0000000000
1453.543241 116.951518 0.0000000000
1453.543241 140.016387 0.0000000000
1453.543241 167.630050 0.0000000000
1453.543241 200.689607 0.0000000000
1453.543241 240.269082 0.0000000000
1453.543241 287.654316 0.0000000000
1453.543241 344.384742 0.0000000000
1453.543241 412.303393 0.0000000000
1453.543241 493.616781 0.0000000000
1453.543241 590.966581 0.0000000000
1453.543241 707.515452 0.0000000000
1453.543241 847.049784 0.0000000000
1453.543241 1014.102708 0.0000000000
1453.543241 1214.101370 0.0000000000
1453.543241 1453.543241 0.0000000000
1453.543241 1740.207206 0.0000000000
1453.543241 2083.406283 0.0000000000
1453.543241 2494.290176 0.0000000000
1453.543241 2986.207508 0.0000000000
1453.543241 3575.139478 0.0000000000
1453.543241 4280.219059 0.0000000000
1453.543241 5124.352575 0.0000000000
1453.543241 6134.963878 0.0000000000
1453.543241 7344.885277 0.0000000000
1453.543241 8793.424183 0.0000000000

1740.207206 1.000000 0.0000000000
1740.207206 2.000000 0.0000000000
1740.207206 3.000000 0.0000000000
1740.207206 4.000000 0.0000000000
1740.207206 5.000000 0.0000000000
1740.207206 6.565046 0.0000000000
1740.207206 7.859787 0.0000000000
1740.207206 9.409873 0.0000000000
1740.207206 11.265663 0.0000000000
1740.207206 13.487448 0.0000000000
1740.207206 16.147407 0.0000000000
1740.207206 19.331956 0.0000000000
1740.207206 23.144553 0.0000000000
1740.207206 27.709061 0.0000000000
1740.207206 33.173769 0.0000000000
1740.207206 39.716212 0.0000000000
1740.207206 47.548939 0.0000000000
1740.207206 56.926415 0.0000000000
1740.207206 68.153292 0.0000000000
1740.207206 81.594305 0.0000000000
1740.207206 97.686119 0.0000000000
1740.207206 116.951518 0.0000000000
1740.207206 140.016387 0.0000000000
1740.207206 167.630050 0.0000000000
1740.207206 200.689607 0.0000000000
1740.207206 240.269082 0.0000000000
1740.207206 287.654316 0.0000000000
1740.207206 344.384742 0.0000000000
1740.207206 412.303393 0.0000000000
1740.207206 493.616781 0.0000000000
1740.207206 590.966581 0.0000000000
1740.207206 707.515452 0.0000000000
1740.207206 847.049784 0.0000000000
1740.207206 1014.102708 0.0000000000
1740.207206 1214.101370 0.0000000000
1740.207206 1453.543241 0.0000000000
1740.207206 1740.207206 0.0000000000
1740.207206 2083.406283 0.0000000000
1740.207206 2494.290176 0.0000000000
1740.207206 2986.207508 0.0000000000
1740.207206 3575.139478 0.0000000000
1740.207206 4280.219059 0.0000000000
1740.207206 5124.352575 0.0000000000
1740.207206 6134.963878 0.0000000000
1740.207206 7344.885277 0.0000000000
1740.207206 8793.424183 0.0000000000

2083.406283 1.000000 0.0000000000
2083.406283 2.000000 0.0000000000
2083.406283 3.000000 0.0000000000
2083.406283 4.000000 0.0000000000
2083.406283 5.000000 0.0000000000
2083.406283 6.565046 0.0000000000
2083.406283 7.859787 0.0000000000
2083.406283 9.409873 0.0000000000
2083.406283 11.265663 0.0000000000
2083.406283 13.487448 0.0000000000
2083.406283 16.147407 0.0000000000
2083.406283 19.331956 0.0000000000
2083.406283 23.144553 0.0000000000
2083.406283 27.709061 0.0000000000
2083.406283 33.173769 0.0000000000
2083.406283 39.716212 0.0000000000
2083.406283 47.548939 0.0000000000
2083.406283 56.926415 0.0000000000
2083.406283 68.153292 0.0000000000
2083.406283 81.594305 0.0000000000
2083.406283 97.686119 0.0000000000
2083.406283 116.951518 0.0000000000
2083.406283 140.016387 0.0000000000
2083.406283 167.630050 0.0000000000
2083.406283 200.689607 0.0000000000
2083.406283 240.269082 0.0000000000
2083.406283 287.654316 0.0000000000
2083.406283 344.384742 0.0000000000
2083.406283 412.303393 0.0000000000
2083.406283 493.616781 0.0000000000
2083.406283 590.966581 0.0000000000
2083.406283 707.515452 0.0000000000
2083.406283 847.049784 0.0000000000
2083.406283 1014.102708 0.0000000000
2083.406283 1214.101370 0.0000000000
2083.406283 1453.543241 0.0000000000
2083.406283 1740.207206 0.0000000000
2083.406283 2083.406283 0.0000000000
2083.406283 2494.290176 0.0000000000
2083.406283 2986.207508 0.0000000000
2083.406283 3575.139478 0.0000000000
2083.406283 4280.219059 0.0000000000
2083.406283 5124.352575 0.0000000000
2083.406283 6134.963878 0.0000000000
2083.406283 7344.885277 0.0000000000
2083.406283 8793.424183 0.0000000000

2494.290176 1.000000 0.0000000000
2494.290176 2.000000 0.0000000000
2494.290176 3.000000 0.0000000000
2494.290176 4.000000 0.0000000000
2494.290176 5.000000 0.0000000000
2494.290176 6.565046 0.0000000000
2494.290176 7.859787 0.0000000000
2494.290176 9.409873 0.0000000000
2494.290176 11.265663 0.0000000000
2494.290176 13.487448 0.0000000000
2494.290176 16.147407 0.0000000000
2494.290176 19.331956 0.0000000000
2494.290176 23.144553 0.0000000000
2494.290176 27.709061 0.0000000000
2494.290176 33.173769 0.0000000000
2494.290176 39.716212 0.0000000000
2494.290176 47.548939 0.0000000000
2494.290176 56.926415 0.0000000000
2494.290176 68.153292 0.0000000000
2494.290176 81.594305 0.0000000000
2494.290176 97.686119 0.0000000000
2494.290176 116.951518 0.0000000000
2494.290176 140.016387 0.0000000000
2494.290176 167.630050 0.0000000000
2494.290176 200.689607 0.0000000000
2494.290176 240.269082 0.0000000000
2494.290176 287.654316 0.0000000000
2494.290176 344.384742 0.0000000000
2494.290176 412.303393 0.0000000000
2494.290176 493.616781 0.0000000000
2494.290176 590.966581 0.0000000000
2494.290176 707.515452 0.0000000000
2494.290176 847.049784 0.0000000000
2494.290176 1014.102708 0.0000000000
2494.290176 1214.101370 0.0000000000
2494.290176 1453.543241 0.0000000000
2494.290176 1740.207206 0.0000000000
2494.290176 2083.406283 0.0000000000
2494.290176 2494.290176 0.0000000000
2494.290176 2986.207508 0.0000000000
2494.290176 3575.139478 0.0000000000
2494.290176 4280.219059 0.0000000000
2494.290176 5124.352575 0.0000000000
2494.290176 6134.963878 0.0000000000
2494.290176 7344.885277 0.0000000000
2494.290176 8793.424183 0.0000000000

2986.207508 1.000000 0.0000000000
2986.207508 2.000000 0.0000000000
2986.207508 3.000000 0.0000000000
2986.207508 4.000000 0.0000000000
2986.207508 5.000000 0.0000000000
2986.207508 6.565046 0.0000000000
2986.207508 7.859787 0.0000000000
2986.207508 9.409873 0.0000000000
2986.207508 11.265663 0.0000000000
2986.207508 13.487448 0.0000000000
2986.207508 16.147407 0.0000000000
2986.207508 19.331956 0.0000000000
2986.207508 23.144553 0.0000000000
2986.207508 27.709061 0.0000000000
2986.207508 33.173769 0.0000000000
2986.207508 39.716212 0.0000000000
2986.207508 47.548939 0.0000000000
2986.207508 56.926415 0.0000000000
2986.207508 68.153292 0.0000000000
2986.207508 81.594305 0.0000000000
2986.207508 97.686119 0.0000000000
2986.207508 116.951518 0.0000000000
2986.207508 140.016387 0.0000000000
2986.207508 167.630050 0.0000000000
2986.207508 200.689607 0.0000000000
2986.207508 240.269082 0.0000000000
2986.207508 287.654316 0.0000000000
2986.207508 344.384742 0.0000000000
2986.207508 412.303393 0.0000000000
2986.207508 493.616781 0.0000000000
2986.207508 590.966581 0.0000000000
2986.207508 707.515452 0.0000000000
2986.207508 847.049784 0.0000000000
2986.207508 1014.102708 0.0000000000
2986.207508 1214.101370 0.0000000000
2986.207508 1453.543241 0.0000000000
2986.207508 1740.207206 0.0000000000
2986.207508 2083.406283 0.0000000000
2986.207508 2494.290176 0.0000000000
2986.207508 2986.207508 0.0000000000
2986.207508 3575.139478 0.0000000000
2986.207508 4280.219059 0.0000000000
2986.207508 5124.352575 0.0000000000
2986.207508 6134.963878 0.0000000000
2986.207508 7344.885277 0.0000000000
2986.207508 8793.424183 0.0000000000

3575.139478 1.000000 0.0000000000
3575.139478 2.000000 0.0000000000
3575.139478 3.000000 0.0000000000
3575.139478 4.000000 0.0000000000
3575.139478 5.000000 0.0000000000
3575.139478 6.565046 0.0000000000
3575.139478 7.859787 0.0000000000
3575.139478 9.409873 0.0000000000
3575.139478 11.265663 0.0000000000
3575.139478 13.487448 0.0000000000
3575.139478 16.147407 0.0000000000
3575.139478 19.331956 0.0000000000
3575.139478 23.144553 0.0000000000
3575.139478 27.709061 0.0000000000
3575.139478 33.173769 0.0000000000
3575.139478 39.716212 0.0000000000
3575.139478 47.548939 0.0000000000
3575.139478 56.926415 0.0000000000
3575.139478 68.153292 0.0000000000
3575.139478 81.594305 0.0000000000
3575.139478 97.686119 0.0000000000
3575.139478 116.951518 0.0000000000
3575.139478 140.016387 0.0000000000
3575.139478 167.630050 0.0000000000
3575.139478 200.689607 0.0000000000
3575.139478 240.269082 0.0000000000
3575.139478 287.654316 0.0000000000
3575.139478 344.384742 0.0000000000
3575.139478 412.303393 0.0000000000
3575.139478 493.616781 0.0000000000
3575.139478 590.966581 0.0000000000
3575.139478 707.515452 0.0000000000
3575.139478 847.049784 0.0000000000
3575.139478 1014.102708 0.0000000000
3575.139478 1214.101370 0.0000000000
3575.139478 1453.543241 0.0000000000
3575.139478 1740.207206 0.0000000000
3575.139478 2083.406283 0.0000000000
3575.139478 2494.290176 0.0000000000
3575.139478 2986.207508 0.0000000000
3575.139478 3575.139478 0.0000000000
3575.139478 4280.219059 0.0000000000
3575.139478 5124.352575 0.0000000000
3575.139478 6134.963878 0.0000000000
3575.139478 7344.885277 0.0000000000
3575.139478 8793.424183 0.0000000000

4280.219059 1.000000 0.0000000000
4280.219059 2.000000 0.0000000000
4280.219059 3.000000 0.0000000000
4280.219059 4.000000 0.0000000000
4280.219059 5.000000 0.0000000000
4280.219059 6.565046 0.0000000000
4280.219059 7.859787 0.0000000000
4280.219059 9.409873 0.0000000000
4280.219059 11.265663 0.0000000000
4280.219059 13.487448 0.0000000000
4280.219059 16.147407 0.0000000000
4280.219059 19.331956 0.0000000000
4280.219059 23.144553 0.0000000000
4280.219059 27.709061 0.0000000000
4280.219059 33.173769 0.0000000000
4280.219059 39.716212 0.0000000000
4280.219059 47.548939 0.0000000000
4280.219059 56.926415 0.0000000000
4280.219059 68.153292 0.0000000000
4280.219059 81.594305 0.0000000000
4280.219059 97.686119 0.0000000000
4280.219059 116.951518 0.0000000000
4280.219059 140.016387 0.0000000000
4280.219059 167.630050 0.0000000000
4280.219059 200.689607 0.0000000000
4280.219059 240.269082 0.0000000000
4280.219059 287.654316 0.0000000000
4280.219059 344.384742 0.0000000000
4280.219059 412.303393 0.0000000000
4280.219059 493.616781 0.0000000000
4280.219059 590.966581 0.0000000000
4280.219059 707.515452 0.0000000000
4280.219059 847.049784 0.0000000000
4280.219059 1014.102708 0.0000000000
4280.219059 1214.101370 0.0000000000
4280.219059 1453.543241 0.0000000000
4280.219059 1740.207206 0.0000000000
4280.219059 2083.406283 0.0000000000
4280.219059 2494.290176 0.0000000000
4280.219059 2986.207508 0.0000000000
4280.219059 3575.139478 0.0000000000
4280.219059 4280.219059 0.0000000000
4280.219059 5124.352575 0.0000000000
4280.219059 6134.963878 0.0000000000
4280.219059 7344.885277 0.0000000000
4280.219059 8793.424183 0.0000000000

5124.352575 1.000000 0.0000000000
5124.352575 2.000000 0.0000000000
5124.352575 3.000000 0.0000000000
5124.352575 4.000000 0.0000000000
5124.352575 5.000000 0.0000000000
5124.352575 6.565046 0.0000000000
5124.352575 7.859787 0.0000000000
5124.352575 9.409873 0.0000000000
5124.352575 11.265663 0.0000000000
5124.352575 13.487448 0.0000000000
5124.352575 16.147407 0.0000000000
5124.352575 19.331956 0.0000000000
5124.352575 23.144553 0.0000000000
5124.352575 27.709061 0.0000000000
5124.352575 33.173769 0.0000000000
5124.352575 39.716212 0.0000000000
5124.352575 47.548939 0.0000000000
5124.352575 56.926415 0.0000000000
5124.352575 68.153292 0.0000000000
5124.352575 81.594305 0.0000000000
5124.352575 97.686119 0.0000000000
5124.352575 116.951518 0.0000000000
5124.352575 140.016387 0.0000000000
5124.352575 167.630050 0.0000000000
5124.352575 200.689607 0.0000000000
5124.352575 240.269082 0.0000000000
5124.352575 287.654316 0.0000000000
5124.352575 344.384742 0.0000000000
5124.352575 412.303393 0.0000000000
5124.352575 493.616781 0.0000000000
5124.352575 590.966581 0.0000000000
5124.352575 707.515452 0.0000000000
5124.352575 847.049784 0.0000000000
5124.352575 1014.102708 0.0000000000
5124.352575 1214.101370 0.0000000000
5124.352575 1453.543241 0.0000000000
5124.352575 1740.207206 0.0000000000
5124.352575 2083.406283 0.0000000000
5124.352575 2494.290176 0.0000000000
5124.352575 2986.207508 0.0000000000
5124.352575 3575.139478 0.0000000000
5124.352575 4280.219059 0.0000000000
5124.352575 5124.352575 0.0000000000
5124.352575 6134.963878 0.0000000000
5124.352575 7344.885277 0.0000000000
5124.352575 8793.424183 0.0000000000

6134.963878 1.000000 0.0000000000
6134.963878 2.000000 0.0000000000
6134.963878 3.000000 0.0000000000
6134.963878 4.000000 0.0000000000
6134.963878 5.000000 0.0000000000
6134.963878 6.565046 0.0000000000
6134.963878 7.859787 0.0000000000
6134.963878 9.409873 0.0000000000
6134.963878 11.265663 0.0000000000
6134.963878 13.487448 0.0000000000
6134.963878 16.147407 0.0000000000
6134.963878 19.331956 0.0000000000
6134.963878 23.144553 0.0000000000
6134.963878 27.709061 0.0000000000
6134.963878 33.173769 0.0000000000
6134.963878 39.716212 0.0000000000
6134.963878 47.548939 0.0000000000
6134.963878 56.926415 0.0000000000
6134.963878 68.153292 0.0000000000
6134.963878 81.594305 0.0000000000
6134.963878 97.686119 0.0000000000
6134.963878 116.951518 0.0000000000
6134.963878 140.016387 0.0000000000
6134.963878 167.630050 0.0000000000
6134.963878 200.689607 0.0000000000
6134.963878 240.269082 0.0000000000
6134.963878 287.654316 0.0000000000
6134.963878 344.384742 0.0000000000
6134.963878 412.303393 0.0000000000
6134.963878 493.616781 0.0000000000
6134.963878 590.966581 0.0000000000
6134.963878 707.515452 0.0000000000
6134.963878 847.049784 0.0000000000
6134.963878 1014.102708 0.0000000000
6134.963878 1214.101370 0.0000000000
6134.963878 1453.543241 0.0000000000
6134.963878 1740.207206 0.0000000000
6134.963878 2083.406283 0.0000000000
6134.963878 2494.290176 0.0000000000
6134.963878 2986.207508 0.0000000000
6134.963878 3575.139478 0.0000000000
6134.963878 4280.219059 0.0000000000
6134.963878 5124.352575 0.0000000000
6134.963878 6134.963878 0.0000000000
6134.963878 7344.885277 0.0000000000
6134.963878 8793.424183 0.0000000000

7344.885277 1.000000 0.0000000000
7344.885277 2.000000 0.0000000000
7344.885277 3.000000 0.0000000000
7344.885277 4.000000 0.0000000000
7344.885277 5.000000 0.0000000000
7344.885277 6.565046 0.0000000000
7344.885277 7.859787 0.0000000000
7344.885277 9.409873 0.0000000000
7344.885277 11.265663 0.0000000000
7344.885277 13.487448 0.0000000000
7344.885277 16.147407 0.0000000000
7344.885277 19.331956 0.0000000000
7344.885277 23.144553 0.0000000000
7344.885277 27.709061 0.0000000000
7344.885277 33.173769 0.0000000000
7344.885277 39.716212 0.0000000000
7344.885277 47.548939 0.0000000000
7344.885277 56.926415 0.0000000000
7344.885277 68.153292 0.0000000000
7344.885277 81.594305 0.0000000000
7344.885277 97.686119 0.0000000000
7344.885277 116.951518 0.0000000000
7344.885277 140.016387 0.0000000000
7344.885277 167.630050 0.0000000000
7344.885277 200.689607 0.0000000000
7344.885277 240.269082 0.0000000000
7344.885277 287.654316 0.0000000000
7344.885277 344.384742 0.0000000000
7344.885277 412.303393 0.0000000000
7344.885277 493.616781 0.0000000000
7344.885277 590.966581 0.0000000000
7344.885277 707.515452 0.0000000000
7344.885277 847.049784 0.0000000000
7344.885277 1014.102708 0.0000000000
7344.885277 1214.101370 0.0000000000
7344.885277 1453.543241 0.0000000000
7344.885277 1740.207206 0.0000000000
7344.885277 2083.406283 0.0000000000
7344.885277 2494.290176 0.0000000000
7344.885277 2986.207508 0.0000000000
7344.885277 3575.139478 0.0000000000
7344.885277 4280.219059 0.0000000000
7344.885277 5124.352575 0.0000000000
7344.885277 6134.963878 0.0000000000
7344.885277 7344.885277 0.0000000000
7344.885277 8793.424183 0.0000000000

8793.424183 1.000000 0.0000000000
8793.424183 2.000000 0.0000000000
8793.424183 3.000000 0.0000000000
8793.424183 4.000000 0.0000000000
8793.424183 5.000000 0.0000000000
8793.424183 6.565046 0.0000000000
8793.424183 7.859787 0.0000000000
8793.424183 9.409873 0.0000000000
8793.424183 11.265663 0.0000000000
8793.424183 13.487448 0.0000000000
8793.424183 16.147407 0.0000000000
8793.424183 19.331956 0.0000000000
8793.424183 23.144553 0.0000000000
8793.424183 27.709061 0.0000000000
8793.424183 33.173769 0.0000000000
8793.424183 39.716212 0.0000000000
8793.424183 47.548939 0.0000000000
8793.424183 56.926415 0.0000000000
8793.424183 68.153292 0.0000000000
8793.424183 81.594305 0.0000000000
8793.424183 97.686119 0.0000000000
8793.424183 116.951518 0.0000000000
8793.424183 140.016387 0.0000000000
8793.424183 167.630050 0.0000000000
8793.424183 200.689607 0.0000000000
8793.424183 240.269082 0.0000000000
8793.424183 287.654316 0.0000000000
8793.424183 344.384742 0.0000000000
8793.424183 412.303393 0.0000000000
8793.424183 493.616781 0.0000000000
8793.424183 590.966581 0.0000000000
8793.424183 707.515452 0.0000000000
8793.424183 847.049784 0.0000000000
8793.424183 1014.102708 0.0000000000
8793.424183 1214.101370 0.0000000000
8793.424183 1453.543241 0.0000000000
8793.424183 1740.207206 0.0000000000
8793.424183 2083.406283 0.0000000000
8793.424183 2494.290176 0.0000000000
8793.424183 2986.207508 0.0000000000
8793.424183 3575.139478 0.0000000000
8793.424183 4280.219059 0.0000000000
8793.424183 5124.352575 0.0000000000
8793.424183 6134.963878 0.0000000000
8793.424183 7344.885277 0.0000000000
8793.424183 8793.424183 0.0000000000

