0 0.0000000000
1 0.0000000000
2 0.0000000000
3 -0.0161018279
4 0.0000000000
5.4708714185 0.9809523810
6.5498222537 0.3488010571
7.8415609275 0.3556533427
9.3880528963 0.1932425746
11.2395399334 -0.0511864899
13.4561723617 0.4461680243
16.1099631926 0.4317002822
19.2871276535 0.2399526072
23.0908841115 -0.0588516945
27.6448073881 0.1643936936
33.0968434052 0.5573419106
39.6241155892 -0.0043134015
47.4386791818 -0.0926377466
56.7944104000 -0.0456084661
67.9952542592 0.0853596528
81.4050990089 0.1443939458
97.4595979802 0.2002335702
116.6803229047 0.4441068525
139.6917085162 0.3436071128
167.2413389197 0.2491934354
200.2242347864 0.4847345274
239.7119304041 -0.1320027977
286.9872852272 0.1044641814
343.5861608692 0.0434505179
411.3473175210 0.5657778873
492.4721508097 0.5076870680
589.5962098034 -0.0721282964
705.8748196074 0.2499071012
845.0855902244 0.6532142876
1011.7511419407 0.4371696547
1211.2860342898 0.7714381270
1450.1726719587 0.7574882257
1736.1719023937 0.9679621020
2078.5751469099 -0.4778718124
2488.5062564340 0.4877726225
2979.2828984401 1.0000000000
3566.8492156643 1.0000000000
4270.2938126308 1.0000000000
5112.4698981132 0.0000000000
6120.7377304587 -1.0000000000
7327.8534860199 0.0000000000
8773.0334278757 0.0000000000
10503.2279471009 1.0000000000
12574.6468670954 0.0000000000
15054.5855644119 1.0000000000
18023.6112323169 1.0000000000
21578.1803134871 0.0000000000
25833.7721358799 0.0000000000
30928.6405560079 0.0000000000
37028.3054914060 1.0000000000
44330.9302612900 0.0000000000
53073.7594321584 0.0000000000
63540.8263183300 1.0000000000
76072.1805354120 -1.0000000000
91074.9353875322 0.0000000000
109036.4939911506 0.0000000000
130540.3838201324 0.0000000000
156285.2140980479 0.0000000000
187107.3719173925 0.0000000000
