2.000000000000000 0.195951417004094
3.000000000000000 0.148289633616946
4.000000000000000 0.203426308539946
5.000000000000000 0.154393265565438
6.000000000000000 0.002514914501046
7.659219985936472 0.036476499718906
9.169751155132731 0.058577365141474
10.978185298431182 0.089087051995554
13.143274054850403 0.107968320015982
15.735355906735299 0.058996962464076
18.838641306444835 0.069522804865951
22.553948469699499 0.080022226448017
27.001978714878820 0.108090353576701
32.327237756098462 0.198226970921957
38.702730343368025 0.152302522514307
46.335580767301529 0.174582937575158
55.473761824946401 0.158310193106756
66.414150854509671 0.154805782660826
79.512174560010180 0.170899878543380
95.193355962816455 0.252612508601324
113.967138612518966 0.297074230475243
136.443437172217784 0.328798398278806
163.352452066598971 0.278196603967088
195.568391922655479 0.280177329018389
234.137874487614340 0.240893414724253
280.313928701006944 0.235603154756152
335.596702565734631 0.231441481092305
401.782199318123276 0.270643472194903
481.020625216924998 0.279313868858098
575.886244529411442 0.240397735664392
689.461011133623970 0.187526363267996
825.434693724694284 0.237179575219895
988.224747450337532 0.359563874109775
1183.119826314209831 0.318922981110427
1416.451598717032311 0.398744553039635
1695.800448005677708 0.346679867395605
2030.241740742141701 0.303605514512526
2430.640663351140574 0.205694871711814
2910.005205673900036 0.186844459157006
3483.908759007647404 0.185485818759448
4170.996057816112625 0.151854841819638
5301.000000000000000 0.197712651357970
6466.000000000000000 0.178548072823375
6545.000000000000000 0.156388030049989
8444.000000000000000 0.128429212773410
10258.994880427884709 0.076177174722053
11826.000000000000000 0.005738733277966
15748.000000000000000 0.092886308608907
17604.505613933579298 0.067131927358947
21076.419790176663810 0.344051566586458
36167.280990231913165 0.096825685637402
43300.096778411025298 -0.183242265536785
61899.000000000000000 -0.442984020189591
74303.263205021794420 -0.239989591194573
