2.000000 0.195951
3.000000 0.148290
4.000000 0.203426
5.000000 0.154393
6.000000 0.002515
7.000000 0.027803
8.000000 0.045150
9.000000 0.064766
10.000000 0.052389
11.000000 0.082079
12.000000 0.096095
13.000000 0.062725
14.000000 0.153212
15.000000 0.057010
16.000000 0.054656
17.000000 0.065325
18.000000 0.065775
19.000000 0.073898
20.000000 0.068895
21.000000 0.075824
22.000000 0.074577
23.000000 0.086146
24.000000 0.083543
25.000000 0.097260
26.000000 0.113483
27.000000 0.117486
28.000000 0.111601
29.000000 0.100622
30.000000 0.218107
31.000000 0.214230
32.000000 0.209617
33.000000 0.203501
34.000000 0.219859
35.000000 0.124048
36.000000 0.141060
37.000000 0.132925
38.000000 0.148775
39.000000 0.146834
40.000000 0.171198
41.000000 0.163824
42.000000 0.161501
43.000000 0.170918
44.000000 0.172527
45.000000 0.180715
46.000000 0.174160
47.000000 0.174423
48.000000 0.174806
49.000000 0.175709
50.000000 0.173406
51.000000 0.168836
52.000000 0.165613
53.000000 0.161379
54.000000 0.164218
55.000000 0.150993
56.000000 0.162291
57.000000 0.157059
58.000000 0.150750
59.000000 0.150518
60.000000 0.151444
61.000000 0.151498
62.000000 0.152312
63.000000 0.150525
64.000000 0.148619
65.000000 0.145005
66.000000 0.155335
67.000000 0.144307
68.000000 0.141267
69.000000 0.141646
70.000000 0.173355
71.000000 0.177520
72.000000 0.176281
73.000000 0.172750
74.000000 0.171576
75.000000 0.173121
76.000000 0.170794
77.000000 0.169051
78.000000 0.177407
79.000000 0.171504
80.000000 0.172823
81.000000 0.171099
82.000000 0.168099
84.000000 0.170570
85.000000 0.167881
87.000000 0.165023
88.000000 0.192509
89.000000 0.190278
90.000000 0.205175
92.000000 0.200514
94.000000 0.271433
96.000000 0.269064
97.000000 0.274953
98.000000 0.274651
99.000000 0.280200
100.000000 0.280167
101.000000 0.277727
102.000000 0.272322
103.000000 0.272385
104.000000 0.275197
105.000000 0.270073
106.000000 0.280248
107.000000 0.267764
108.000000 0.264055
109.000000 0.261842
111.000000 0.270147
112.000000 0.269572
114.000000 0.268240
115.000000 0.300734
116.000000 0.304202
120.000000 0.302342
122.000000 0.352722
123.000000 0.373460
124.000000 0.373639
126.000000 0.373002
127.000000 0.381706
130.000000 0.381619
131.000000 0.358061
133.000000 0.360234
134.000000 0.360171
135.000000 0.351398
136.000000 0.343627
137.000000 0.342061
138.000000 0.299542
139.000000 0.299216
140.000000 0.298410
141.000000 0.300444
142.000000 0.292349
145.000000 0.290373
146.000000 0.286690
147.000000 0.301295
148.000000 0.298175
150.000000 0.297207
153.000000 0.294914
155.000000 0.279283
156.000000 0.279476
159.000000 0.275339
160.000000 0.277269
161.000000 0.276305
162.000000 0.276571
163.000000 0.275081
164.000000 0.274303
165.000000 0.272883
166.000000 0.272420
170.000000 0.272745
174.000000 0.275471
176.000000 0.273682
185.000000 0.271985
187.000000 0.272369
188.000000 0.269553
190.000000 0.275979
192.000000 0.285828
193.000000 0.284338
196.000000 0.284544
198.000000 0.279578
199.000000 0.281399
200.000000 0.281921
201.000000 0.281153
206.000000 0.274434
207.000000 0.273731
208.000000 0.274475
209.000000 0.292894
210.000000 0.290115
211.000000 0.288720
214.000000 0.250695
216.000000 0.245975
218.000000 0.252714
222.000000 0.253015
223.000000 0.251311
224.000000 0.248660
225.000000 0.244917
226.000000 0.237181
230.000000 0.230753
233.000000 0.228965
234.000000 0.226949
236.000000 0.238546
238.000000 0.243083
239.000000 0.244392
240.000000 0.242739
245.000000 0.232148
246.000000 0.231107
252.000000 0.237495
253.000000 0.238028
254.000000 0.239194
258.000000 0.235872
262.000000 0.249640
264.000000 0.243955
265.000000 0.244274
266.000000 0.235913
269.000000 0.230272
277.000000 0.226010
278.000000 0.239689
281.000000 0.240790
287.000000 0.239550
288.000000 0.226707
292.000000 0.231208
296.000000 0.228611
300.000000 0.225954
308.000000 0.228829
309.000000 0.223191
319.000000 0.220224
320.000000 0.223582
330.000000 0.217280
332.000000 0.206117
333.000000 0.206209
340.000000 0.212355
342.000000 0.235505
346.000000 0.250969
349.000000 0.259461
351.000000 0.256003
352.000000 0.245086
353.000000 0.242676
362.000000 0.244134
370.000000 0.259749
383.000000 0.256382
390.000000 0.255223
406.000000 0.251883
415.000000 0.272467
416.000000 0.278802
417.000000 0.277277
427.000000 0.274066
431.000000 0.309942
441.000000 0.327277
452.000000 0.302366
457.000000 0.299045
460.000000 0.297525
465.000000 0.275334
467.000000 0.271424
474.000000 0.267779
485.000000 0.264209
505.000000 0.260935
508.000000 0.255557
509.000000 0.251002
530.000000 0.245088
545.000000 0.307731
567.000000 0.301611
582.000000 0.246339
584.000000 0.241359
587.000000 0.228928
602.000000 0.225486
603.000000 0.186043
621.000000 0.180996
631.000000 0.193300
632.000000 0.191790
696.000000 0.187068
697.000000 0.185516
742.000000 0.179959
767.000000 0.177147
768.000000 0.234906
790.000000 0.243679
796.000000 0.240239
797.000000 0.233634
803.000000 0.227418
819.000000 0.245062
878.000000 0.295353
991.000000 0.343538
999.000000 0.352749
1006.000000 0.345241
1019.000000 0.381204
1035.000000 0.375088
1216.000000 0.331514
1238.000000 0.306332
1320.000000 0.299673
1349.000000 0.299240
1376.000000 0.292006
1407.000000 0.331178
1411.000000 0.461679
1444.000000 0.457252
1446.000000 0.452291
1456.000000 0.467432
1461.000000 0.462773
1468.000000 0.463922
1706.000000 0.352323
1720.000000 0.345655
1792.000000 0.347913
1809.000000 0.340829
1996.000000 0.333413
2011.000000 0.302722
2131.000000 0.274682
2264.000000 0.303673
2327.000000 0.378264
2419.000000 0.156886
2436.000000 0.139870
2437.000000 0.142087
2462.000000 0.135404
2540.000000 0.183680
2684.000000 0.174654
2703.000000 0.186617
3155.000000 0.199263
3197.000000 0.190047
3787.000000 0.189733
3798.000000 0.176677
4114.000000 0.162288
4416.000000 0.141422
5301.000000 0.197713
6466.000000 0.178548
6545.000000 0.156388
8444.000000 0.128429
10050.000000 0.096082
10632.000000 0.056272
11826.000000 0.005739
15748.000000 0.092886
16324.000000 0.077016
17335.000000 0.057248
19316.000000 0.256351
19746.000000 0.431752
33560.000000 0.075908
34896.000000 0.117743
39956.000000 0.180868
44093.000000 -0.547353
61899.000000 -0.442984
68597.000000 -0.719969
78537.000000 1.000000
78842.000000 -1.000000
