0.000000000000000 0.000000000000000
1.000000000000000 0.564171122994652
2.000000000000000 0.163101604278075
3.000000000000000 0.064171122994652
4.000000000000000 0.048128342245989
5.473947391727201 0.060955683942662
7.000000000000000 0.024064171122995
8.166169912567652 0.014709534071968
9.974182454814724 0.010705020362817
12.182493960703477 0.004382264691682
14.879731724872839 0.001793947435604
18.174145369443067 0.000734379967467
22.197951281441643 0.000000000000000
27.112638920657901 0.000492269613600
33.115451958692333 0.000403036271460
