0.000000000000000 0.000000000000000
1.000000000000000 0.376000000000000
2.000000000000000 0.120000000000000
3.000000000000000 0.040000000000000
4.000000000000000 0.056000000000000
5.473947391727201 0.072951762542578
7.000000000000000 0.024000000000000
8.166169912567652 0.048901028825922
9.974182454814724 0.012011032847080
12.182493960703477 0.016389669946891
14.879731724872839 0.005367490727327
18.174145369443067 0.006591794587985
22.197951281441643 0.010793809894313
27.112638920657901 0.002945741367784
33.115451958692333 0.002411769048419
40.447304360067413 0.003949178978524
49.402449105530202 0.000000000000000
60.340287597362000 0.000000000000000
73.699793699595844 0.000000000000000
90.017131300521868 0.000443620124883
