0.000000000000000 0.000000000000000
1.000000000000000 0.175000000000000
2.000000000000000 0.125000000000000
3.000000000000000 0.050000000000000
4.000000000000000 0.025000000000000
5.473947391727201 0.045594851589111
7.000000000000000 0.125000000000000
8.166169912567652 0.030563143016201
9.974182454814724 0.012511492549042
12.182493960703477 0.000000000000000
14.879731724872839 0.000000000000000
18.174145369443067 0.020599358087454
22.197951281441643 0.000000000000000
27.112638920657901 0.004602720887162
33.115451958692333 0.007536778276308
40.447304360067413 0.003085296076972
49.402449105530202 0.007578080341703
60.340287597362000 0.002068135808349
73.699793699595844 0.001693246387837
90.017131300521868 0.000000000000000
109.947172452123567 0.001135016996645
134.289779684935581 0.000929273320419
164.021907299901841 0.000760824645442
