0 55 242222 1 5 56 943
1 11 78842 3 2 12 44
2 53 78537 4 16 42 2
3 3 68597 15 14 4 8
4 29 61899 19 17 18 24
5 724 44093 6 7 669 274
6 562 39956 8 10 507 162
7 923 34896 11 12 199 75
8 180 33560 9 13 125 382
9 146 19746 21 109 91 34
10 682 19316 26 49 120 42
11 867 17335 20 36 143 56
12 967 16324 24 79 44 31
13 487 15748 29 78 307 75
14 9 11826 23 64 6 2
15 1 10632 22 523 2 2
16 54 10050 -1 -1 1 1
17 46 8444 18 38 17 7
18 36 6545 44 57 7 10
19 28 6466 77 -1 17 1
20 866 5301 37 -1 142 1
21 62 4416 55 32 7 84
22 0 4114 -1 -1 1 1
23 7 3798 28 340 4 2
24 964 3787 25 46 41 3
25 957 3197 30 41 34 7
26 612 3155 58 27 50 70
27 674 2703 35 208 62 8
28 5 2684 72 182 2 2
29 442 2540 33 59 262 45
30 951 2462 31 50 28 6
31 930 2437 231 39 7 21
32 90 2436 40 56 28 56
33 337 2419 48 34 157 105
34 438 2327 82 62 101 4
35 620 2264 346 53 8 54
36 887 2131 132 73 20 36
37 859 2011 42 43 135 7
38 47 1996 -1 86 1 6
39 948 1809 75 47 18 3
40 75 1792 81 51 13 15
41 963 1720 52 -1 6 1
42 803 1706 45 85 79 56
43 860 1468 -1 203 1 6
44 35 1461 110 -1 6 1
45 766 1456 101 102 42 37
46 965 1446 -1 281 1 2
47 949 1444 -1 91 1 2
48 300 1411 54 84 120 37
49 723 1407 93 -1 41 1
50 953 1376 360 90 2 4
51 77 1349 204 76 2 13
52 962 1320 71 -1 5 1
53 640 1238 70 66 20 34
54 259 1216 63 152 79 41
55 57 1035 105 74 2 5
56 140 1019 96 549 50 6
57 41 1006 65 61 5 5
58 599 999 60 127 37 13
59 472 991 80 67 30 15
60 573 878 148 111 11 26
61 42 878 -1 210 1 4
62 439 878 -1 104 1 3
63 215 819 98 69 35 44
64 10 803 -1 -1 1 1
65 37 797 -1 589 1 4
66 667 796 68 119 27 7
67 473 790 -1 115 1 14
68 660 790 83 108 20 7
69 257 768 117 379 42 2
70 635 767 116 244 15 5
71 961 767 122 -1 4 1
72 4 742 -1 -1 1 1
73 918 697 87 144 31 5
74 58 696 -1 151 1 4
75 931 632 -1 118 1 17
76 87 631 89 344 10 3
77 27 621 92 -1 16 1
78 536 603 114 134 49 26
79 968 602 -1 178 1 30
80 465 587 153 298 23 7
81 72 584 123 326 10 3
82 425 582 171 166 88 13
83 649 567 140 88 9 11
84 301 545 -1 214 1 36
85 857 530 100 516 54 2
86 49 509 259 95 2 4
87 912 508 97 94 25 6
88 657 508 155 146 8 3
89 86 505 188 -1 9 1
90 955 485 570 103 2 2
91 950 474 -1 -1 1 1
92 26 467 137 -1 15 1
93 711 465 206 205 29 12
94 917 460 107 -1 5 1
95 51 457 99 125 2 2
96 128 452 173 267 38 12
97 888 441 -1 128 1 24
98 197 431 106 112 17 18
99 50 427 -1 -1 1 1
100 827 417 149 196 24 30
101 747 416 197 251 23 19
102 794 415 124 424 28 9
103 956 406 -1 -1 1 1
104 441 390 126 -1 2 1
105 56 383 -1 -1 1 1
106 187 370 294 136 7 10
107 913 362 -1 355 1 4
108 661 353 -1 293 1 6
109 156 352 120 133 10 24
110 33 351 121 113 4 2
111 575 349 526 169 2 24
112 206 346 341 163 9 9
113 34 342 -1 -1 1 1
114 525 342 141 131 38 11
115 479 340 449 250 6 8
116 634 333 130 -1 14 1
117 252 332 138 314 37 5
118 935 330 129 154 4 13
119 670 320 241 192 3 4
120 152 320 143 282 6 4
121 31 319 165 357 2 2
122 958 309 -1 135 1 3
123 67 309 211 283 5 5
124 786 308 142 435 20 8
125 52 300 -1 -1 1 1
126 440 296 -1 -1 1 1
127 607 292 158 275 8 5
128 898 288 167 249 10 14
129 933 287 219 306 2 2
130 622 281 582 212 2 12
131 535 278 157 -1 10 1
132 869 277 539 159 2 18
133 171 269 170 215 15 9
134 540 266 248 139 4 22
135 959 266 -1 150 1 2
136 190 265 296 180 3 7
137 21 264 162 161 10 5
138 216 262 -1 503 1 36
139 550 258 243 177 10 12
140 648 254 174 -1 8 1
141 518 253 145 194 31 7
142 785 252 235 -1 19 1
143 151 246 434 -1 5 1
144 919 245 -1 301 1 4
145 500 245 183 147 13 18
146 659 240 556 -1 2 1
147 510 239 187 261 10 8
148 563 238 -1 179 1 10
149 813 236 284 233 10 14
150 960 234 -1 -1 1 1
151 59 233 -1 255 1 3
152 298 230 160 713 39 2
153 448 226 319 168 6 17
154 945 225 286 673 10 3
155 653 224 156 309 4 4
156 650 223 -1 175 1 3
157 527 222 632 303 2 8
158 601 218 273 164 2 6
159 884 216 213 465 15 3
160 278 214 172 222 19 20
161 25 214 193 -1 4 1
162 17 214 247 328 6 4
163 212 211 300 308 6 3
164 604 210 209 200 3 3
165 30 210 -1 -1 1 1
166 434 209 176 295 9 4
167 893 208 181 202 5 5
168 453 207 325 225 5 12
169 579 206 184 201 4 20
170 164 201 190 318 8 7
171 362 200 290 218 25 63
172 267 199 232 242 8 11
173 119 198 186 594 29 9
174 641 196 -1 185 1 7
175 652 193 513 -1 2 1
176 432 192 195 342 7 2
177 551 190 -1 264 1 11
178 993 188 722 454 25 5
179 569 188 362 216 6 4
180 194 187 487 510 4 3
181 889 185 -1 189 1 4
182 6 176 -1 -1 1 1
183 492 174 238 600 5 8
184 578 170 237 -1 3 1
185 644 170 345 315 3 4
186 92 166 529 227 2 27
187 506 165 198 217 6 4
188 82 165 253 191 5 4
189 892 164 361 -1 3 1
190 158 163 639 228 2 6
191 85 163 199 -1 3 1
192 673 162 349 -1 3 1
193 22 161 -1 436 1 3
194 519 160 -1 391 1 6
195 430 159 265 338 5 2
196 848 159 207 377 21 9
197 735 159 252 274 11 12
198 505 156 585 -1 5 1
199 84 155 723 -1 2 1
200 605 155 -1 240 1 2
201 590 155 229 257 11 9
202 894 153 -1 597 1 4
203 861 153 -1 224 1 5
204 76 150 -1 -1 1 1
205 718 148 762 799 7 5
206 693 148 234 280 11 18
207 831 147 923 256 4 17
208 677 147 334 374 3 5
209 602 146 -1 385 1 2
210 45 146 481 -1 3 1
211 64 146 230 258 2 3
212 633 145 268 -1 11 1
213 883 142 396 -1 14 1
214 318 142 220 239 17 19
215 177 141 223 226 6 3
216 572 140 305 -1 3 1
217 508 139 892 656 2 2
218 415 138 221 480 53 10
219 932 138 -1 -1 1 1
220 304 137 262 330 3 14
221 405 136 236 725 43 10
222 291 135 508 520 13 7
223 175 134 392 493 4 2
224 862 133 -1 381 1 4
225 454 133 -1 623 1 11
226 178 131 -1 737 1 2
227 107 131 270 491 15 12
228 161 130 254 496 3 3
229 589 127 246 -1 10 1
230 63 126 -1 -1 1 1
231 924 126 -1 278 1 6
232 260 124 -1 307 1 7
233 814 123 -1 478 1 13
234 686 123 651 313 4 7
235 768 122 447 471 2 17
236 379 122 277 260 17 26
237 577 120 365 -1 2 1
238 488 116 -1 571 1 4
239 323 115 343 335 5 14
240 606 114 -1 -1 1 1
241 669 112 245 -1 2 1
242 274 111 368 399 7 4
243 543 111 266 311 3 7
244 636 109 -1 287 1 4
245 668 108 -1 -1 1 1
246 588 108 263 -1 9 1
247 14 107 321 302 3 3
248 537 107 -1 544 1 3
249 907 107 332 323 9 5
250 482 107 691 756 3 5
251 760 106 285 398 13 6
252 734 106 437 -1 10 1
253 80 105 547 366 3 2
254 160 105 808 -1 2 1
255 60 105 -1 333 1 2
256 837 104 422 272 6 11
257 596 104 405 420 6 3
258 65 104 -1 505 1 2
259 48 104 -1 -1 1 1
260 395 104 444 469 16 10
261 512 103 788 458 2 6
262 303 103 429 -1 2 1
263 585 102 316 269 6 3
264 552 101 -1 395 1 10
265 429 101 336 -1 4 1
266 541 100 -1 271 1 2
267 139 99 413 -1 11 1
268 624 99 477 363 2 9
269 587 98 618 -1 2 1
270 99 98 397 394 7 8
271 542 97 -1 -1 1 1
272 839 97 636 276 2 9
273 600 96 -1 -1 1 1
274 736 96 -1 291 1 11
275 608 96 -1 288 1 4
276 841 96 645 560 2 7
277 368 94 279 337 6 11
278 928 94 299 715 4 2
279 363 94 -1 329 1 5
280 702 94 373 339 9 9
281 966 92 -1 -1 1 1
282 154 92 358 304 2 2
283 68 92 -1 324 1 4
284 806 90 433 741 3 7
285 758 90 297 388 11 2
286 936 89 -1 292 1 9
287 639 89 289 -1 3 1
288 609 88 -1 312 1 3
289 638 88 406 -1 2 1
290 344 88 354 350 7 18
291 745 88 348 468 9 2
292 944 87 407 -1 8 1
293 664 87 569 537 3 3
294 181 87 -1 453 1 6
295 436 85 331 640 2 2
296 188 85 -1 310 1 2
297 750 85 371 347 3 8
298 469 85 499 878 4 3
299 926 84 581 693 2 2
300 207 84 -1 462 1 5
301 921 84 387 378 2 2
302 15 84 -1 327 1 2
303 534 82 400 -1 7 1
304 155 82 -1 -1 1 1
305 570 82 -1 352 1 2
306 934 81 -1 -1 1 1
307 264 80 440 322 4 3
308 213 79 -1 637 1 2
309 654 79 -1 425 1 3
310 189 79 -1 -1 1 1
311 545 79 497 317 2 5
312 611 78 565 -1 2 1
313 687 78 -1 584 1 6
314 256 78 660 -1 4 1
315 645 78 -1 320 1 3
316 582 78 482 356 3 3
317 549 77 622 -1 4 1
318 166 77 498 461 2 5
319 445 77 438 369 3 3
320 647 76 609 -1 2 1
321 13 76 351 -1 2 1
322 265 76 -1 421 1 2
323 909 75 359 629 2 3
324 69 75 -1 479 1 3
325 449 74 -1 353 1 4
326 74 74 489 -1 2 1
327 16 73 -1 -1 1 1
328 20 73 367 -1 3 1
329 364 73 -1 518 1 4
330 305 73 -1 813 1 13
331 435 72 -1 -1 1 1
332 900 72 417 687 2 7
333 61 72 -1 -1 1 1
334 676 71 532 -1 2 1
335 327 71 804 375 4 10
336 428 71 567 -1 3 1
337 377 70 414 736 9 2
338 431 70 -1 -1 1 1
339 706 70 419 986 4 5
340 8 70 -1 -1 1 1
341 199 70 484 380 2 7
342 433 69 -1 -1 1 1
343 320 69 743 704 2 3
344 89 69 431 -1 2 1
345 643 69 739 -1 2 1
346 613 69 -1 427 1 7
347 753 69 457 382 3 5
348 737 68 -1 386 1 8
349 672 68 410 -1 2 1
350 357 67 364 701 13 5
351 12 67 -1 -1 1 1
352 571 66 -1 -1 1 1
353 452 66 448 -1 3 1
354 338 66 -1 411 1 6
355 915 65 764 456 2 2
356 584 65 443 -1 2 1
357 32 65 -1 -1 1 1
358 153 64 -1 -1 1 1
359 908 64 -1 -1 1 1
360 952 64 -1 -1 1 1
361 891 63 769 -1 2 1
362 565 63 389 402 2 4
363 628 63 450 384 4 5
364 355 63 372 467 11 2
365 576 63 -1 -1 1 1
366 81 62 -1 -1 1 1
367 18 62 -1 393 1 2
368 273 62 370 -1 6 1
369 446 61 -1 522 1 2
370 272 61 383 -1 5 1
371 748 61 -1 624 1 2
372 350 61 509 376 6 5
373 699 61 655 758 6 3
374 678 60 -1 492 1 4
375 329 60 744 390 2 8
376 351 59 -1 528 1 4
377 856 59 540 -1 8 1
378 922 59 -1 -1 1 1
379 258 59 -1 -1 1 1
380 205 59 409 -1 6 1
381 864 59 719 672 2 2
382 755 59 534 545 2 3
383 268 58 -1 538 1 4
384 632 58 401 -1 4 1
385 603 58 -1 -1 1 1
386 742 58 404 423 5 3
387 920 58 -1 -1 1 1
388 759 57 -1 -1 1 1
389 564 57 -1 -1 1 1
390 334 57 466 451 5 3
391 522 57 524 577 3 3
392 172 56 -1 426 1 3
393 19 56 -1 -1 1 1
394 101 56 812 740 2 6
395 561 55 486 -1 9 1
396 876 55 432 787 7 7
397 93 55 -1 627 1 6
398 764 54 416 695 4 2
399 276 54 501 641 2 2
400 530 53 460 439 3 4
401 631 53 542 -1 3 1
402 566 53 -1 403 1 3
403 567 52 -1 488 1 2
404 740 52 511 612 3 2
405 595 52 408 -1 5 1
406 637 52 -1 -1 1 1
407 937 52 -1 415 1 7
408 594 51 412 -1 4 1
409 203 51 790 430 4 2
410 671 51 -1 -1 1 1
411 341 51 576 446 3 3
412 592 51 428 514 2 2
413 138 51 418 -1 10 1
414 375 50 504 774 7 2
415 938 50 -1 452 1 6
416 763 50 574 -1 3 1
417 899 49 -1 -1 1 1
418 136 49 771 729 8 2
419 704 49 833 717 2 2
420 597 49 -1 459 1 2
421 266 49 -1 -1 1 1
422 834 49 575 531 3 3
423 743 48 -1 502 1 2
424 800 48 815 599 6 3
425 656 48 485 -1 2 1
426 174 48 588 -1 2 1
427 618 48 464 474 5 2
428 591 47 -1 -1 1 1
429 302 47 -1 -1 1 1
430 204 47 -1 -1 1 1
431 88 47 -1 -1 1 1
432 872 47 495 441 3 4
433 804 47 -1 647 1 2
434 150 47 442 -1 4 1
435 788 47 625 608 2 6
436 23 46 -1 604 1 2
437 726 46 490 455 2 8
438 443 46 -1 445 1 2
439 532 46 472 838 2 2
440 263 45 473 -1 3 1
441 875 45 558 -1 3 1
442 148 45 845 476 2 2
443 583 45 -1 -1 1 1
444 380 45 -1 463 1 15
445 444 45 -1 -1 1 1
446 342 45 -1 541 1 2
447 767 44 -1 -1 1 1
448 451 44 521 -1 2 1
449 476 44 470 519 3 3
450 626 44 517 670 2 2
451 335 43 -1 536 1 2
452 939 43 -1 494 1 5
453 185 43 475 805 4 2
454 996 43 761 772 3 2
455 728 42 766 535 2 6
456 916 42 -1 -1 1 1
457 751 42 -1 714 1 2
458 516 41 592 566 4 2
459 598 41 -1 -1 1 1
460 529 41 730 -1 2 1
461 170 41 506 -1 4 1
462 208 41 -1 835 1 4
463 381 41 -1 512 1 14
464 614 41 -1 533 1 4
465 886 41 515 -1 2 1
466 332 41 821 590 3 2
467 356 40 -1 -1 1 1
468 746 40 -1 -1 1 1
469 398 40 765 557 3 7
470 475 40 791 -1 2 1
471 769 40 -1 742 1 16
472 531 39 -1 -1 1 1
473 261 39 -1 628 1 2
474 619 39 -1 -1 1 1
475 184 39 579 -1 3 1
476 149 39 -1 -1 1 1
477 623 38 -1 -1 1 1
478 823 38 500 610 9 4
479 70 38 -1 483 1 2
480 416 38 -1 563 1 9
481 44 38 690 -1 2 1
482 581 38 527 -1 2 1
483 71 38 -1 -1 1 1
484 198 38 -1 -1 1 1
485 655 37 -1 -1 1 1
486 555 37 669 642 3 6
487 191 37 -1 945 1 3
488 568 37 -1 -1 1 1
489 73 37 -1 -1 1 1
490 725 37 -1 -1 1 1
491 111 36 631 658 4 8
492 679 36 -1 530 1 3
493 176 36 -1 -1 1 1
494 941 36 546 598 2 3
495 870 36 -1 507 1 2
496 162 36 -1 747 1 2
497 544 36 -1 -1 1 1
498 165 36 -1 -1 1 1
499 466 36 -1 806 1 3
500 820 36 572 564 6 3
501 275 35 -1 -1 1 1
502 744 35 -1 -1 1 1
503 238 35 946 554 22 14
504 370 35 682 525 2 5
505 66 35 -1 -1 1 1
506 167 35 -1 593 1 3
507 871 35 -1 -1 1 1
508 279 35 -1 568 1 12
509 345 35 -1 559 1 5
510 196 34 684 -1 2 1
511 738 34 -1 614 1 2
512 393 34 661 952 12 2
513 651 34 -1 -1 1 1
514 593 34 -1 -1 1 1
515 885 34 -1 -1 1 1
516 858 34 -1 -1 1 1
517 625 34 -1 -1 1 1
518 366 34 904 644 2 2
519 477 34 -1 755 1 2
520 292 34 -1 587 1 6
521 450 33 -1 -1 1 1
522 447 33 -1 -1 1 1
523 2 33 -1 -1 1 1
524 521 33 763 -1 2 1
525 372 33 553 591 2 3
526 574 33 -1 -1 1 1
527 580 33 -1 -1 1 1
528 352 33 -1 586 1 3
529 91 33 -1 -1 1 1
530 681 33 548 -1 2 1
531 836 33 650 -1 2 1
532 675 33 -1 -1 1 1
533 617 33 543 -1 3 1
534 754 32 -1 -1 1 1
535 733 32 551 -1 5 1
536 336 32 -1 -1 1 1
537 666 32 603 -1 2 1
538 270 32 652 580 2 2
539 868 32 -1 -1 1 1
540 853 32 550 680 5 3
541 343 32 -1 -1 1 1
542 630 32 634 -1 2 1
543 615 31 -1 562 1 2
544 539 31 613 -1 2 1
545 757 31 555 -1 2 1
546 940 31 -1 -1 1 1
547 79 31 552 -1 2 1
548 680 31 -1 -1 1 1
549 145 31 843 -1 5 1
550 849 30 -1 606 1 4
551 731 30 679 716 3 2
552 78 30 -1 -1 1 1
553 371 30 -1 -1 1 1
554 239 30 -1 573 1 13
555 756 30 -1 -1 1 1
556 658 30 -1 -1 1 1
557 404 30 654 -1 6 1
558 874 30 733 -1 2 1
559 347 30 665 601 2 3
560 846 30 596 561 5 2
561 847 29 -1 -1 1 1
562 616 29 -1 -1 1 1
563 421 29 621 611 5 4
564 822 29 700 -1 2 1
565 610 29 -1 -1 1 1
566 517 29 -1 -1 1 1
567 427 29 595 -1 2 1
568 283 29 664 617 4 8
569 663 29 578 -1 2 1
570 954 28 -1 -1 1 1
571 489 28 -1 718 1 3
572 819 28 677 -1 5 1
573 242 28 626 638 3 10
574 762 28 648 -1 2 1
575 833 28 583 -1 2 1
576 339 28 -1 816 1 2
577 523 28 -1 620 1 2
578 662 27 -1 -1 1 1
579 182 27 -1 633 1 2
580 271 27 -1 -1 1 1
581 925 27 -1 -1 1 1
582 621 27 -1 -1 1 1
583 832 27 -1 -1 1 1
584 690 27 605 731 3 3
585 503 27 752 602 3 2
586 353 26 -1 666 1 2
587 294 26 643 615 2 4
588 173 26 -1 -1 1 1
589 38 26 -1 934 1 3
590 333 26 -1 -1 1 1
591 374 26 712 -1 2 1
592 514 26 941 827 2 2
593 168 26 -1 711 1 2
594 121 26 685 671 2 7
595 426 26 -1 -1 1 1
596 842 25 -1 616 1 4
597 896 25 675 993 2 2
598 942 25 -1 630 1 2
599 802 25 699 -1 2 1
600 493 25 -1 619 1 7
601 348 25 -1 607 1 2
602 504 25 -1 -1 1 1
603 665 25 -1 -1 1 1
604 24 25 -1 -1 1 1
605 689 25 868 -1 2 1
606 850 25 -1 646 1 3
607 349 25 -1 -1 1 1
608 793 25 796 -1 5 1
609 646 25 -1 -1 1 1
610 824 25 -1 873 1 3
611 424 24 674 -1 3 1
612 741 24 -1 -1 1 1
613 538 24 -1 -1 1 1
614 739 24 -1 -1 1 1
615 297 24 692 -1 3 1
616 844 24 782 681 2 2
617 287 24 705 649 4 4
618 586 24 -1 -1 1 1
619 494 24 -1 686 1 6
620 524 24 -1 -1 1 1
621 420 23 667 -1 4 1
622 546 23 -1 778 1 3
623 456 23 751 842 2 9
624 749 23 -1 -1 1 1
625 787 23 -1 -1 1 1
626 241 23 668 -1 2 1
627 97 23 653 795 4 2
628 262 23 -1 -1 1 1
629 910 23 -1 735 1 2
630 943 23 -1 -1 1 1
631 110 23 635 -1 3 1
632 526 22 -1 -1 1 1
633 183 22 -1 -1 1 1
634 629 22 -1 -1 1 1
635 109 22 678 -1 2 1
636 838 22 -1 -1 1 1
637 214 22 -1 -1 1 1
638 243 22 -1 659 1 9
639 157 22 -1 -1 1 1
640 437 22 -1 -1 1 1
641 277 22 -1 -1 1 1
642 560 22 724 -1 5 1
643 293 22 -1 -1 1 1
644 367 21 -1 -1 1 1
645 840 21 -1 -1 1 1
646 851 21 -1 657 1 2
647 805 21 -1 -1 1 1
648 761 21 -1 -1 1 1
649 289 21 802 807 2 2
650 835 21 -1 -1 1 1
651 684 21 869 898 2 2
652 269 21 -1 -1 1 1
653 96 21 706 -1 3 1
654 400 21 844 728 2 4
655 694 21 -1 746 1 5
656 509 21 -1 -1 1 1
657 852 20 -1 -1 1 1
658 112 20 -1 663 1 7
659 250 20 662 732 7 2
660 253 20 -1 721 1 3
661 389 20 683 688 8 4
662 248 20 689 776 5 2
663 115 20 676 818 3 4
664 281 20 708 734 2 2
665 346 20 -1 -1 1 1
666 354 19 -1 -1 1 1
667 418 19 841 837 2 2
668 240 19 -1 -1 1 1
669 553 19 -1 773 1 2
670 627 19 -1 -1 1 1
671 124 19 767 798 3 4
672 865 19 -1 -1 1 1
673 947 19 710 -1 2 1
674 423 19 852 -1 2 1
675 895 19 -1 -1 1 1
676 114 19 697 -1 2 1
677 815 19 -1 696 1 4
678 108 19 -1 -1 1 1
679 729 19 -1 703 1 2
680 854 19 -1 917 1 2
681 845 18 -1 -1 1 1
682 369 18 -1 -1 1 1
683 383 18 779 698 2 6
684 195 18 -1 -1 1 1
685 120 18 -1 -1 1 1
686 496 18 823 702 2 4
687 902 17 707 886 2 5
688 391 17 947 851 2 2
689 244 17 -1 694 1 4
690 43 17 -1 -1 1 1
691 481 17 749 -1 2 1
692 296 17 797 -1 2 1
693 927 17 -1 -1 1 1
694 246 17 738 777 2 2
695 765 17 -1 -1 1 1
696 816 17 -1 750 1 3
697 113 17 -1 -1 1 1
698 387 17 770 836 4 2
699 801 17 -1 -1 1 1
700 821 17 -1 -1 1 1
701 361 17 726 -1 4 1
702 498 17 889 854 2 2
703 730 17 -1 -1 1 1
704 322 17 720 -1 2 1
705 284 17 -1 709 1 3
706 94 17 -1 727 1 2
707 901 17 -1 -1 1 1
708 280 16 -1 -1 1 1
709 286 16 933 -1 2 1
710 946 16 -1 -1 1 1
711 169 16 -1 -1 1 1
712 373 16 -1 -1 1 1
713 299 16 -1 -1 1 1
714 752 16 -1 -1 1 1
715 929 16 -1 -1 1 1
716 732 16 -1 -1 1 1
717 705 16 -1 -1 1 1
718 490 16 -1 759 1 2
719 863 16 -1 -1 1 1
720 321 16 -1 -1 1 1
721 254 16 -1 789 1 2
722 973 15 793 745 5 20
723 83 15 -1 -1 1 1
724 558 15 753 757 3 2
725 409 15 828 760 4 6
726 359 15 784 780 2 2
727 95 15 -1 -1 1 1
728 402 15 831 894 2 2
729 137 15 -1 -1 1 1
730 528 15 -1 -1 1 1
731 692 15 819 -1 2 1
732 251 15 -1 -1 1 1
733 873 15 -1 -1 1 1
734 282 15 -1 -1 1 1
735 911 15 -1 -1 1 1
736 378 15 -1 -1 1 1
737 179 15 -1 -1 1 1
738 245 15 -1 -1 1 1
739 642 15 -1 -1 1 1
740 106 15 846 -1 5 1
741 807 15 -1 938 1 6
742 780 15 810 863 11 5
743 319 14 -1 -1 1 1
744 328 14 -1 -1 1 1
745 976 14 748 768 3 17
746 698 14 905 -1 4 1
747 163 14 -1 -1 1 1
748 974 14 -1 858 1 2
749 480 14 -1 -1 1 1
750 817 14 -1 783 1 2
751 455 14 -1 -1 1 1
752 501 14 -1 862 1 2
753 557 14 754 -1 2 1
754 556 14 -1 -1 1 1
755 478 14 -1 -1 1 1
756 484 14 775 883 2 3
757 559 14 -1 -1 1 1
758 701 14 943 -1 2 1
759 491 14 -1 -1 1 1
760 414 14 801 -1 5 1
761 994 14 -1 860 1 2
762 716 14 825 824 5 2
763 520 14 -1 -1 1 1
764 914 14 -1 -1 1 1
765 397 14 781 -1 2 1
766 727 13 -1 -1 1 1
767 123 13 856 -1 2 1
768 982 13 785 786 6 11
769 890 13 -1 -1 1 1
770 385 13 925 830 2 2
771 129 12 -1 794 1 7
772 997 12 -1 -1 1 1
773 554 12 -1 -1 1 1
774 376 12 -1 -1 1 1
775 483 12 -1 -1 1 1
776 249 12 -1 -1 1 1
777 247 12 -1 -1 1 1
778 548 12 792 -1 2 1
779 382 12 -1 -1 1 1
780 360 12 -1 -1 1 1
781 396 12 -1 -1 1 1
782 843 12 -1 -1 1 1
783 818 12 -1 -1 1 1
784 358 12 -1 -1 1 1
785 979 11 893 884 3 3
786 984 11 919 811 2 9
787 882 11 879 -1 6 1
788 511 11 -1 -1 1 1
789 255 11 -1 -1 1 1
790 200 11 -1 820 1 3
791 474 11 -1 -1 1 1
792 547 11 -1 -1 1 1
793 972 11 857 -1 4 1
794 130 11 -1 826 1 6
795 98 11 -1 -1 1 1
796 792 11 800 -1 4 1
797 295 11 -1 -1 1 1
798 125 11 -1 834 1 3
799 721 11 924 982 3 2
800 791 11 882 -1 3 1
801 410 11 -1 803 1 4
802 288 10 -1 -1 1 1
803 411 10 -1 809 1 3
804 324 10 -1 899 1 3
805 186 10 -1 -1 1 1
806 467 10 -1 888 1 2
807 290 10 -1 -1 1 1
808 159 10 -1 -1 1 1
809 412 10 -1 817 1 2
810 777 10 829 847 8 3
811 987 10 822 814 3 6
812 100 10 -1 -1 1 1
813 314 10 832 859 9 4
814 988 10 -1 848 1 5
815 797 10 914 926 3 3
816 340 10 -1 -1 1 1
817 413 10 -1 -1 1 1
818 117 10 909 849 2 2
819 691 10 -1 -1 1 1
820 202 10 872 -1 2 1
821 331 10 866 -1 2 1
822 985 10 -1 880 1 2
823 495 10 -1 -1 1 1
824 717 10 -1 -1 1 1
825 714 10 875 916 3 2
826 134 10 867 840 4 2
827 515 10 -1 -1 1 1
828 408 10 874 -1 3 1
829 771 9 936 839 2 6
830 386 9 -1 -1 1 1
831 401 9 -1 -1 1 1
832 312 9 855 979 7 2
833 703 9 -1 -1 1 1
834 127 9 958 -1 2 1
835 209 9 -1 881 1 3
836 388 9 -1 -1 1 1
837 419 9 -1 -1 1 1
838 533 9 -1 -1 1 1
839 776 9 853 -1 5 1
840 135 9 -1 -1 1 1
841 417 9 -1 -1 1 1
842 464 9 850 -1 8 1
843 143 9 865 962 3 2
844 399 9 -1 -1 1 1
845 147 9 -1 -1 1 1
846 102 9 -1 870 1 4
847 778 9 -1 897 1 2
848 991 9 861 877 3 2
849 118 9 -1 -1 1 1
850 457 9 -1 864 1 7
851 392 9 -1 -1 1 1
852 422 9 -1 -1 1 1
853 774 9 900 891 3 2
854 499 9 -1 -1 1 1
855 308 9 871 901 3 4
856 122 9 -1 -1 1 1
857 971 9 915 -1 3 1
858 975 9 -1 -1 1 1
859 317 9 913 -1 3 1
860 995 9 -1 -1 1 1
861 989 8 -1 918 1 2
862 502 8 -1 -1 1 1
863 781 8 -1 911 1 4
864 459 8 902 921 2 5
865 141 8 -1 876 1 2
866 330 8 -1 -1 1 1
867 132 8 942 931 2 2
868 688 8 -1 -1 1 1
869 683 8 -1 -1 1 1
870 103 8 -1 896 1 3
871 306 8 -1 956 1 2
872 201 8 -1 -1 1 1
873 825 8 -1 885 1 2
874 407 8 955 -1 2 1
875 713 8 951 -1 2 1
876 142 8 -1 -1 1 1
877 992 8 -1 -1 1 1
878 470 8 -1 903 1 2
879 878 8 940 895 2 4
880 986 8 -1 -1 1 1
881 211 8 906 -1 2 1
882 789 8 -1 975 1 2
883 485 8 -1 890 1 2
884 980 8 -1 927 1 2
885 826 8 -1 -1 1 1
886 904 8 887 922 2 3
887 903 8 -1 -1 1 1
888 468 8 -1 -1 1 1
889 497 8 -1 -1 1 1
890 486 8 -1 -1 1 1
891 775 8 -1 -1 1 1
892 507 8 -1 -1 1 1
893 977 8 -1 907 1 2
894 403 7 -1 -1 1 1
895 881 7 910 -1 3 1
896 105 7 932 -1 2 1
897 779 7 -1 -1 1 1
898 685 7 -1 -1 1 1
899 326 7 930 -1 2 1
900 772 7 -1 929 1 2
901 309 7 -1 939 1 3
902 458 7 -1 -1 1 1
903 471 7 -1 -1 1 1
904 365 7 -1 -1 1 1
905 696 7 908 912 2 2
906 210 7 -1 -1 1 1
907 978 7 -1 -1 1 1
908 695 7 -1 -1 1 1
909 116 7 -1 -1 1 1
910 879 7 -1 949 1 2
911 782 7 -1 920 1 3
912 697 7 -1 -1 1 1
913 316 7 928 -1 2 1
914 795 7 -1 973 1 2
915 969 7 -1 944 1 2
916 715 7 -1 -1 1 1
917 855 7 -1 -1 1 1
918 990 7 -1 -1 1 1
919 983 7 -1 -1 1 1
920 784 7 969 -1 2 1
921 460 7 -1 935 1 4
922 905 7 -1 959 1 2
923 828 7 -1 953 1 3
924 720 7 957 -1 2 1
925 384 7 -1 -1 1 1
926 798 7 -1 965 1 2
927 981 7 -1 -1 1 1
928 315 7 -1 -1 1 1
929 773 7 -1 -1 1 1
930 325 7 -1 -1 1 1
931 133 7 -1 -1 1 1
932 104 6 -1 -1 1 1
933 285 6 -1 -1 1 1
934 40 6 937 -1 2 1
935 463 6 950 -1 3 1
936 770 6 -1 -1 1 1
937 39 6 -1 -1 1 1
938 808 6 -1 948 1 5
939 310 6 -1 964 1 2
940 877 6 -1 -1 1 1
941 513 6 -1 -1 1 1
942 131 6 -1 -1 1 1
943 700 6 -1 -1 1 1
944 970 6 -1 -1 1 1
945 192 6 -1 968 1 2
946 234 6 961 963 18 4
947 390 6 -1 -1 1 1
948 810 6 960 970 2 3
949 880 6 -1 -1 1 1
950 461 6 -1 954 1 2
951 712 6 -1 -1 1 1
952 394 6 -1 -1 1 1
953 830 6 967 -1 2 1
954 462 6 -1 -1 1 1
955 406 6 -1 -1 1 1
956 307 6 -1 -1 1 1
957 719 6 -1 -1 1 1
958 126 6 -1 -1 1 1
959 906 6 -1 -1 1 1
960 809 6 -1 -1 1 1
961 223 5 981 966 7 11
962 144 5 -1 -1 1 1
963 236 5 995 974 2 2
964 311 5 -1 -1 1 1
965 799 5 -1 -1 1 1
966 227 5 971 976 4 7
967 829 5 -1 -1 1 1
968 193 5 -1 -1 1 1
969 783 5 -1 -1 1 1
970 812 5 972 -1 2 1
971 225 5 985 991 2 2
972 811 5 -1 -1 1 1
973 796 5 -1 -1 1 1
974 237 4 -1 -1 1 1
975 790 4 -1 -1 1 1
976 232 4 977 992 5 2
977 228 4 -1 978 1 4
978 229 4 -1 980 1 3
979 313 4 -1 -1 1 1
980 230 4 -1 988 1 2
981 218 3 983 984 2 5
982 722 3 -1 -1 1 1
983 217 3 -1 -1 1 1
984 222 3 987 -1 4 1
985 224 3 -1 -1 1 1
986 710 3 989 -1 4 1
987 219 3 -1 990 1 3
988 231 3 -1 -1 1 1
989 708 3 996 997 2 2
990 221 3 994 -1 2 1
991 226 3 -1 -1 1 1
992 233 3 -1 -1 1 1
993 897 2 -1 -1 1 1
994 220 2 -1 -1 1 1
995 235 2 -1 -1 1 1
996 707 2 -1 -1 1 1
997 709 2 -1 -1 1 1
