0
4114
14746
14779
83376
84118
86802
86978
90776
90846
102672
103475
182317
182384
182460
182567
182651
182724
182938
183000
183056
183129
183393
183554
183600
183625
183839
184306
184927
191393
253292
253502
253821
253886
254237
254579
256040
262585
263382
263408
263414
263420
264426
265304
265321
265359
265505
273949
275945
276049
276558
276985
277442
277742
356279
366329
608551
608934
609969
610665
610898
611003
611075
615491
615617
615763
615867
615902
616211
616303
616378
616416
616454
617038
617075
617149
618941
619091
620440
620470
620501
620606
620668
620833
620848
621003
621166
621671
622302
622349
622418
624854
624887
625053
625108
625125
625140
625161
625184
625195
625293
625303
625359
625368
625376
625382
625389
625404
625535
625554
625576
625599
625635
625655
625672
625691
625711
625718
625728
625737
625935
625953
625979
625988
626001
626020
626031
626037
626046
626498
626510
626521
626527
626535
626542
626552
626561
626610
626625
626676
626775
627794
627802
627810
627819
627824
627855
647601
647610
647655
647694
647741
647987
648307
648371
648463
648545
648897
648919
649082
649092
649197
649327
649363
649377
649578
649614
649691
649726
649752
649768
649809
650078
650134
650160
650208
650342
650378
650519
650650
650665
684225
684312
684339
684361
684400
684443
684453
684823
684908
684987
685252
685289
685295
685300
685487
685505
685539
685970
686008
686078
686089
686097
686107
686158
686205
686264
686610
686694
686735
686744
686751
686759
686970
687049
687071
687890
688152
688155
688158
688161
688163
688166
688169
688174
688177
688182
688185
688190
688194
688198
688202
688205
688209
688212
688218
688220
688225
688229
688264
688294
688313
688336
688364
688386
688403
688418
688435
688447
688467
688479
688499
688514
688846
688866
688882
688893
688971
689739
689798
691014
691138
691177
691200
691245
691325
691401
691450
691649
691707
691728
691760
691787
691848
691910
692021
692056
692110
692132
692346
692381
692397
692417
692432
692461
692478
692484
692500
692524
692534
692555
692565
692700
692734
692756
692782
692793
692810
692834
693064
693080
694491
695036
695083
695186
695323
695396
695404
695410
695419
695426
695432
695437
695446
695450
695460
695467
695474
695483
695625
695639
695708
695724
695741
695856
695866
695873
695880
695951
695965
696025
696033
696043
696084
696110
696167
696210
696242
698661
698727
698755
698765
698816
698861
698893
698981
699016
699036
699066
699091
699116
699177
699236
699269
699295
699314
699377
699417
699484
699496
699511
699523
699540
699740
699834
699907
699914
699948
699969
700063
700081
700116
700146
700179
700195
700221
700271
700283
700353
700368
700490
700535
700576
700588
700606
700613
700626
700635
700652
700661
700681
700687
700704
700713
700747
700753
700857
700869
700883
700923
700932
700953
700962
700977
700984
701014
701150
701156
701164
701174
701189
701200
701210
701220
701230
701244
701382
701420
701429
701448
701457
701480
701509
701518
701537
701561
702143
702169
702198
702269
702370
702529
702599
702791
702860
703069
703141
703226
703248
705575
706453
706749
707139
709679
709725
709770
709847
709908
709941
710167
710241
710274
710318
710384
710591
710724
710738
710761
710770
710777
710785
710792
710798
710804
710810
710819
711406
711442
711452
711460
711545
711553
711560
712551
713341
713352
713392
713436
713470
713484
713824
713838
713855
713962
713974
713988
713996
714004
729752
729868
729896
729912
729926
730100
730125
730149
730159
730177
730185
730202
730211
730456
730470
730478
730505
730530
730686
730851
730859
730998
731019
731258
731269
731372
731378
731404
731414
731455
731484
731737
731897
731911
731944
732001
732029
732053
732395
732417
732639
732654
732695
732748
732787
732833
732842
732924
733202
733805
733912
733936
733967
734233
734333
734430
734541
734577
734656
734679
734690
734702
734779
735037
735227
735328
735347
735359
735396
735410
735424
735439
735453
735475
735530
775486
775724
775781
775844
775897
775949
775986
776174
776256
776322
776462
777340
777373
777722
777785
777905
778075
778281
778314
778352
778430
778475
778540
778642
778666
778764
778872
778999
779154
779201
779252
779286
779337
779389
779493
779542
779583
780582
780678
780896
781042
781100
781310
781465
781579
781871
781967
782055
782084
782162
785317
785386
785427
785458
785487
785520
785568
785607
787871
787898
788179
788217
788316
788350
788394
788413
788476
788498
788530
788583
788641
788786
789119
789886
789995
790047
790135
790224
791462
791658
791673
791742
791912
791990
792015
792091
792345
792912
793135
793169
793362
793586
793665
793702
793750
794258
794288
794528
795318
795671
795698
795727
795814
795839
795871
796667
796775
796887
797207
797258
797326
797488
800191
800224
800295
800442
800502
800538
800569
800602
819918
819926
819947
819954
820077
820155
820163
820188
820215
820225
820240
820388
820409
820416
820423
820430
820444
820505
820511
820525
820619
820628
820677
820693
820763
820765
820768
820770
820773
821238
821244
821252
821262
821269
821283
821293
821441
821447
821454
821465
821468
822875
866968
867005
867051
867064
867106
867125
867142
867172
867188
867220
867326
867485
867581
867649
867683
867707
867759
867783
867841
867889
867924
868012
868052
868468
868529
868552
868637
868679
868695
868764
868796
868855
868885
868916
869006
869063
869169
869190
869218
869268
869322
869339
870795
870839
870961
871001
871007
871016
871023
871030
871039
871047
871056
871066
871075
871082
871097
871105
871112
871117
871124
871376
871684
871707
871754
871762
871766
871777
871788
871813
872228
872235
872240
872250
872257
872262
872310
872327
872352
874058
874105
874126
874216
874231
874237
874243
874249
874254
874259
874495
874618
874637
874654
874668
874680
874708
874744
874761
874790
874828
874853
874861
874869
875286
875293
875298
875304
875451
875478
875506
875555
875576
875609
875713
875735
875832
875853
875949
875974
875986
876010
876028
876058
876087
876246
876276
876301
876322
876342
876374
876393
876400
876459
876989
877023
879034
880502
880655
880788
880804
880863
880882
886183
903518
903550
903827
903863
903898
903945
903960
903990
904035
904090
904096
904104
904111
904117
904124
904135
904277
904493
904527
904568
906699
907140
907325
907338
907401
907565
907773
907926
907945
907970
907972
908260
908309
908381
908398
908415
908423
908431
908438
908444
908551
908615
908690
908713
908728
909236
909598
909612
909677
909719
910179
910876
911121
911179
911263
911322
946218
946344
946371
946455
946472
946566
946582
949019
949651
949789
950076
950157
950487
950576
950628
950678
950721
950752
950788
950813
950836
950923
951148
951164
951183
952992
954436
954910
957372
957436
958812
958840
959325
959731
962928
963237
963503
963737
964504
965824
967544
971331
972777
972869
989193
989795
989802
989808
989817
989828
989843
989857
989866
989880
989888
989895
989906
989914
989921
989934
989941
989952
989962
989970
989980
989990
989998
990005
990014
990022
990210
990224
990233
990276
990288
